/*--------------------------------*- C++ -*----------------------------------*\
  =========                 |
  \\      /  F ield         | OpenFOAM: The Open Source CFD Toolbox
   \\    /   O peration     | Website:  https://openfoam.org
    \\  /    A nd           | Version:  6
     \\/     M anipulation  |
\*---------------------------------------------------------------------------*/
FoamFile
{
    version     2.0;
    format      ascii;
    class       volScalarField;
    location    "10000";
    object      p;
}
// * * * * * * * * * * * * * * * * * * * * * * * * * * * * * * * * * * * * * //

dimensions      [0 2 -2 0 0 0 0];

internalField   nonuniform List<scalar> 
4840
(
18300098
18135576
18061434
17968631
17891666
17807728
17727847
17645202
17564053
17481803
17400174
17318097
17236277
17154268
17072361
16990370
16908416
16826420
16744434
16662424
16580412
16498385
16416350
16334302
16252245
16170177
16088098
16006009
15923909
15841799
15759678
15677546
15595404
15513251
15431087
15348913
15266728
15184532
15102326
15020109
14937882
14855644
14773395
14691135
14608865
14526584
14444292
14361990
14279677
14197353
14115019
14032673
13950317
13867951
13785573
13703185
13620786
13538376
13455956
13373525
13291083
13208630
13126166
13043692
12961207
12878711
12796204
12713686
12631158
12548619
12466068
12383508
12300936
12218353
12135760
12053156
11970540
11887914
11805277
11722630
11639971
11557302
11474621
11391930
11309228
11226514
11143790
11061055
10978309
10895553
10812785
10730006
10647217
10564416
10481604
10398782
10315948
10233104
10150248
10067382
9984504.6
9901616.2
9818716.7
9735806.3
9652884.9
9569952.4
9487008.9
9404054.4
9321088.9
9238112.3
9155124.7
9072126
8989116.3
8906095.5
8823063.6
8740020.7
8656966.7
8573901.6
8490825.4
8407738.1
8324639.8
8241530.3
8158409.7
8075278
7992135.1
7908981.2
7825816.1
7742639.8
7659452.4
7576253.9
7493044.2
7409823.4
7326591.4
7243348.2
7160093.8
7076828.3
6993551.5
6910263.6
6826964.5
6743654.1
6660332.6
6576999.8
6493655.8
6410300.6
6326934.1
6243556.4
6160167.5
6076767.3
5993355.9
5909933.2
5826499.2
5743053.9
5659597.4
5576129.6
5492650.5
5409160.1
5325658.4
5242145.4
5158621
5075085.4
4991538.4
4907980.1
4824410.5
4740829.5
4657237.2
4573633.5
4490018.5
4406392.1
4322754.3
4239105.2
4155444.6
4071772.7
3988089.4
3904394.7
3820688.6
3736971
3653242.1
3569501.7
3485749.9
3401986.7
3318212.1
3234425.9
3150628.4
3066819.4
2982998.9
2899166.9
2815323.5
2731468.6
2647602.2
2563724.4
2479835
2395934.1
2312021.7
2228097.8
2144162.4
2060215.4
1976257
1892286.9
1808305.4
1724312.2
1640307.6
1556291.3
1472263.6
1388224
1304173.5
1220110.3
1136037.1
1051949.9
967854.85
883742.48
799627.22
715486.89
631355.64
547180.85
463043.59
378818.83
294699.98
210387.34
126352.69
41849.033
18298869
18135533
18061158
17968642
17891629
17807742
17727840
17645208
17564050
17481806
17400173
17318098
17236276
17154268
17072361
16990370
16908416
16826420
16744434
16662425
16580413
16498385
16416350
16334302
16252245
16170177
16088098
16006009
15923909
15841799
15759678
15677546
15595404
15513251
15431087
15348913
15266728
15184533
15102326
15020110
14937882
14855644
14773395
14691135
14608865
14526584
14444292
14361990
14279677
14197353
14115019
14032673
13950317
13867951
13785573
13703185
13620786
13538376
13455956
13373525
13291083
13208630
13126166
13043692
12961207
12878711
12796204
12713686
12631158
12548619
12466069
12383508
12300936
12218353
12135760
12053156
11970540
11887914
11805278
11722630
11639971
11557302
11474621
11391930
11309228
11226515
11143790
11061055
10978310
10895553
10812785
10730006
10647217
10564416
10481604
10398782
10315948
10233104
10150249
10067382
9984504.7
9901616.3
9818716.9
9735806.4
9652885
9569952.5
9487009.1
9404054.6
9321089
9238112.4
9155124.8
9072126.1
8989116.4
8906095.6
8823063.8
8740020.8
8656966.8
8573901.7
8490825.5
8407738.2
8324639.9
8241530.4
8158409.8
8075278.1
7992135.2
7908981.3
7825816.2
7742639.9
7659452.6
7576254
7493044.3
7409823.5
7326591.5
7243348.3
7160093.9
7076828.4
6993551.6
6910263.7
6826964.6
6743654.2
6660332.7
6576999.9
6493655.9
6410300.7
6326934.3
6243556.6
6160167.6
6076767.4
5993356
5909933.3
5826499.3
5743054.1
5659597.5
5576129.7
5492650.6
5409160.2
5325658.5
5242145.5
5158621.2
5075085.5
4991538.5
4907980.2
4824410.6
4740829.6
4657237.3
4573633.6
4490018.6
4406392.2
4322754.4
4239105.3
4155444.7
4071772.8
3988089.5
3904394.8
3820688.7
3736971.2
3653242.2
3569501.9
3485750.1
3401986.8
3318212.2
3234426.1
3150628.5
3066819.5
2982999
2899167.1
2815323.6
2731468.7
2647602.4
2563724.5
2479835.1
2395934.2
2312021.8
2228097.9
2144162.5
2060215.5
1976257.1
1892287
1808305.5
1724312.3
1640307.7
1556291.4
1472263.8
1388224.1
1304173.6
1220110.4
1136037.2
1051950.1
967854.96
883742.62
799627.31
715487.07
631355.68
547181.11
463043.51
378819.27
294699.59
210388.25
126351.35
41851.107
18296932
18135115
18060817
17968613
17891599
17807750
17727840
17645213
17564051
17481807
17400173
17318098
17236276
17154269
17072361
16990370
16908416
16826421
16744434
16662425
16580413
16498385
16416350
16334302
16252245
16170177
16088099
16006009
15923910
15841799
15759678
15677546
15595404
15513251
15431087
15348913
15266728
15184533
15102327
15020110
14937882
14855644
14773395
14691136
14608865
14526584
14444293
14361990
14279677
14197353
14115019
14032674
13950318
13867951
13785574
13703185
13620786
13538377
13455956
13373525
13291083
13208630
13126166
13043692
12961207
12878711
12796204
12713687
12631158
12548619
12466069
12383508
12300936
12218354
12135760
12053156
11970541
11887915
11805278
11722630
11639971
11557302
11474621
11391930
11309228
11226515
11143791
11061056
10978310
10895553
10812785
10730007
10647217
10564416
10481605
10398782
10315949
10233104
10150249
10067382
9984504.9
9901616.5
9818717.1
9735806.6
9652885.2
9569952.8
9487009.3
9404054.8
9321089.2
9238112.6
9155125
9072126.3
8989116.6
8906095.8
8823064
8740021
8656967
8573901.9
8490825.7
8407738.5
8324640.1
8241530.6
8158410
8075278.3
7992135.4
7908981.5
7825816.4
7742640.2
7659452.8
7576254.2
7493044.6
7409823.7
7326591.7
7243348.5
7160094.1
7076828.6
6993551.9
6910263.9
6826964.8
6743654.5
6660332.9
6577000.1
6493656.1
6410300.9
6326934.5
6243556.8
6160167.8
6076767.6
5993356.2
5909933.5
5826499.5
5743054.3
5659597.7
5576129.9
5492650.8
5409160.4
5325658.7
5242145.7
5158621.4
5075085.7
4991538.8
4907980.5
4824410.8
4740829.8
4657237.5
4573633.8
4490018.8
4406392.4
4322754.6
4239105.5
4155445
4071773
3988089.7
3904395
3820688.9
3736971.4
3653242.4
3569502.1
3485750.3
3401987.1
3318212.4
3234426.3
3150628.7
3066819.7
2982999.2
2899167.3
2815323.9
2731468.9
2647602.6
2563724.7
2479835.3
2395934.4
2312022
2228098.1
2144162.7
2060215.8
1976257.3
1892287.2
1808305.7
1724312.5
1640307.9
1556291.6
1472264
1388224.3
1304173.8
1220110.6
1136037.4
1051950.3
967855.16
883742.84
799627.5
715487.3
631355.86
547181.36
463043.64
378819.6
294699.58
210388.77
126350.75
41852.227
18294042
18134414
18060338
17968558
17891561
17807760
17727841
17645218
17564052
17481809
17400173
17318099
17236276
17154269
17072361
16990371
16908416
16826421
16744434
16662425
16580413
16498385
16416350
16334303
16252246
16170177
16088099
16006010
15923910
15841799
15759678
15677547
15595404
15513251
15431088
15348914
15266729
15184533
15102327
15020110
14937883
14855644
14773395
14691136
14608866
14526585
14444293
14361991
14279678
14197354
14115019
14032674
13950318
13867951
13785574
13703186
13620787
13538377
13455956
13373525
13291083
13208630
13126167
13043692
12961207
12878711
12796204
12713687
12631158
12548619
12466069
12383508
12300936
12218354
12135760
12053156
11970541
11887915
11805278
11722630
11639972
11557302
11474622
11391930
11309228
11226515
11143791
11061056
10978310
10895553
10812786
10730007
10647217
10564417
10481605
10398782
10315949
10233105
10150249
10067383
9984505.2
9901616.8
9818717.4
9735807
9652885.5
9569953.1
9487009.6
9404055.1
9321089.5
9238113
9155125.3
9072126.7
8989116.9
8906096.1
8823064.3
8740021.3
8656967.3
8573902.2
8490826
8407738.8
8324640.4
8241530.9
8158410.3
8075278.6
7992135.8
7908981.8
7825816.7
7742640.5
7659453.1
7576254.6
7493044.9
7409824
7326592
7243348.8
7160094.5
7076828.9
6993552.2
6910264.2
6826965.1
6743654.8
6660333.2
6577000.4
6493656.5
6410301.2
6326934.8
6243557.1
6160168.1
6076768
5993356.5
5909933.8
5826499.8
5743054.6
5659598
5576130.2
5492651.1
5409160.7
5325659
5242146
5158621.7
5075086
4991539.1
4907980.8
4824411.1
4740830.2
4657237.8
4573634.2
4490019.1
4406392.7
4322754.9
4239105.8
4155445.3
4071773.3
3988090
3904395.3
3820689.2
3736971.7
3653242.7
3569502.4
3485750.6
3401987.4
3318212.7
3234426.6
3150629
3066820
2982999.5
2899167.6
2815324.2
2731469.3
2647602.9
2563725
2479835.6
2395934.7
2312022.4
2228098.4
2144163
2060216.1
1976257.6
1892287.6
1808306
1724312.9
1640308.3
1556291.9
1472264.3
1388224.7
1304174.1
1220111
1136037.8
1051950.6
967855.47
883743.16
799627.81
715487.63
631356.15
547181.72
463043.89
378820
294699.71
210389.32
126350.25
41853.377
18290137
18133487
18059701
17968487
17891513
17807773
17727844
17645226
17564054
17481812
17400174
17318100
17236277
17154270
17072361
16990371
16908416
16826421
16744435
16662426
16580413
16498386
16416351
16334303
16252246
16170178
16088099
16006010
15923910
15841800
15759679
15677547
15595405
15513252
15431088
15348914
15266729
15184534
15102327
15020110
14937883
14855645
14773396
14691136
14608866
14526585
14444293
14361991
14279678
14197354
14115020
14032674
13950318
13867952
13785574
13703186
13620787
13538377
13455957
13373526
13291084
13208631
13126167
13043693
12961208
12878712
12796205
12713687
12631159
12548620
12466070
12383509
12300937
12218354
12135761
12053157
11970541
11887915
11805279
11722631
11639972
11557303
11474622
11391931
11309229
11226515
11143791
11061056
10978311
10895554
10812786
10730007
10647218
10564417
10481605
10398783
10315949
10233105
10150249
10067383
9984505.6
9901617.2
9818717.8
9735807.4
9652885.9
9569953.5
9487010
9404055.5
9321090
9238113.4
9155125.8
9072127.1
8989117.3
8906096.6
8823064.7
8740021.8
8656967.7
8573902.7
8490826.5
8407739.2
8324640.8
8241531.3
8158410.7
8075279
7992136.2
7908982.2
7825817.1
7742640.9
7659453.5
7576255
7493045.3
7409824.4
7326592.4
7243349.2
7160094.9
7076829.3
6993552.6
6910264.7
6826965.5
6743655.2
6660333.6
6577000.9
6493656.9
6410301.7
6326935.2
6243557.5
6160168.6
6076768.4
5993356.9
5909934.2
5826500.2
5743055
5659598.5
5576130.6
5492651.5
5409161.1
5325659.4
5242146.4
5158622.1
5075086.5
4991539.5
4907981.2
4824411.6
4740830.6
4657238.3
4573634.6
4490019.5
4406393.1
4322755.4
4239106.2
4155445.7
4071773.8
3988090.5
3904395.7
3820689.6
3736972.1
3653243.2
3569502.8
3485751
3401987.8
3318213.1
3234427
3150629.5
3066820.4
2983000
2899168
2815324.6
2731469.7
2647603.3
2563725.4
2479836
2395935.2
2312022.8
2228098.9
2144163.4
2060216.5
1976258
1892288
1808306.4
1724313.3
1640308.7
1556292.3
1472264.7
1388225.1
1304174.5
1220111.4
1136038.2
1051951
967855.89
883743.59
799628.21
715488.07
631356.53
547182.19
463044.23
378820.55
294699.87
210390.08
126349.55
41854.975
18285211
18132346
18058913
17968403
17891453
17807790
17727846
17645235
17564056
17481815
17400174
17318101
17236277
17154270
17072362
16990372
16908417
16826422
16744435
16662426
16580414
16498386
16416351
16334304
16252247
16170178
16088100
16006011
15923911
15841800
15759679
15677548
15595405
15513252
15431089
15348914
15266730
15184534
15102328
15020111
14937883
14855645
14773396
14691137
14608867
14526586
14444294
14361992
14279678
14197355
14115020
14032675
13950319
13867952
13785575
13703187
13620788
13538378
13455957
13373526
13291084
13208631
13126168
13043693
12961208
12878712
12796205
12713688
12631159
12548620
12466070
12383509
12300937
12218355
12135761
12053157
11970542
11887916
11805279
11722631
11639973
11557303
11474623
11391931
11309229
11226516
11143792
11061057
10978311
10895554
10812786
10730008
10647218
10564418
10481606
10398783
10315950
10233105
10150250
10067384
9984506.2
9901617.7
9818718.3
9735807.9
9652886.5
9569954
9487010.5
9404056
9321090.5
9238113.9
9155126.3
9072127.6
8989117.9
8906097.1
8823065.2
8740022.3
8656968.3
8573903.2
8490827
8407739.7
8324641.3
8241531.9
8158411.3
8075279.5
7992136.7
7908982.7
7825817.6
7742641.4
7659454
7576255.5
7493045.8
7409825
7326593
7243349.8
7160095.4
7076829.9
6993553.1
6910265.2
6826966
6743655.7
6660334.2
6577001.4
6493657.4
6410302.2
6326935.7
6243558
6160169.1
6076768.9
5993357.5
5909934.7
5826500.8
5743055.5
5659599
5576131.2
5492652.1
5409161.7
5325660
5242147
5158622.6
5075087
4991540
4907981.7
4824412.1
4740831.1
4657238.8
4573635.1
4490020.1
4406393.7
4322755.9
4239106.7
4155446.2
4071774.3
3988091
3904396.3
3820690.2
3736972.6
3653243.7
3569503.3
3485751.5
3401988.3
3318213.6
3234427.5
3150630
3066821
2983000.5
2899168.5
2815325.1
2731470.2
2647603.8
2563725.9
2479836.6
2395935.7
2312023.3
2228099.4
2144164
2060217
1976258.5
1892288.5
1808307
1724313.8
1640309.2
1556292.9
1472265.2
1388225.6
1304175
1220111.9
1136038.7
1051951.6
967856.41
883744.13
799628.72
715488.63
631357.02
547182.78
463044.64
378821.24
294700.06
210391.05
126348.65
41857.024
18279243
18130994
18057986
17968308
17891386
17807810
17727850
17645246
17564058
17481819
17400175
17318103
17236278
17154271
17072362
16990373
16908418
16826423
16744436
16662427
16580415
16498387
16416352
16334304
16252247
16170179
16088101
16006011
15923911
15841801
15759680
15677548
15595406
15513253
15431089
15348915
15266730
15184535
15102328
15020112
14937884
14855646
14773397
14691137
14608867
14526586
14444295
14361992
14279679
14197355
14115021
14032676
13950320
13867953
13785575
13703187
13620788
13538379
13455958
13373527
13291085
13208632
13126168
13043694
12961209
12878713
12796206
12713688
12631160
12548621
12466071
12383510
12300938
12218355
12135762
12053158
11970543
11887917
11805280
11722632
11639973
11557304
11474623
11391932
11309230
11226517
11143793
11061058
10978312
10895555
10812787
10730008
10647219
10564418
10481607
10398784
10315951
10233106
10150251
10067384
9984506.8
9901618.4
9818719
9735808.5
9652887.1
9569954.6
9487011.2
9404056.7
9321091.1
9238114.5
9155126.9
9072128.2
8989118.5
8906097.7
8823065.8
8740022.9
8656968.9
8573903.8
8490827.6
8407740.3
8324642
8241532.5
8158411.9
8075280.2
7992137.3
7908983.4
7825818.3
7742642
7659454.7
7576256.1
7493046.4
7409825.6
7326593.6
7243350.4
7160096
7076830.5
6993553.7
6910265.8
6826966.7
6743656.3
6660334.8
6577002
6493658
6410302.8
6326936.4
6243558.7
6160169.7
6076769.5
5993358.1
5909935.4
5826501.4
5743056.2
5659599.6
5576131.8
5492652.7
5409162.3
5325660.6
5242147.6
5158623.3
5075087.6
4991540.6
4907982.3
4824412.7
4740831.7
4657239.4
4573635.7
4490020.7
4406394.3
4322756.5
4239107.4
4155446.8
4071774.9
3988091.6
3904396.9
3820690.8
3736973.3
3653244.3
3569504
3485752.2
3401988.9
3318214.3
3234428.2
3150630.6
3066821.6
2983001.1
2899169.2
2815325.7
2731470.8
2647604.5
2563726.6
2479837.2
2395936.3
2312023.9
2228100
2144164.6
2060217.6
1976259.2
1892289.1
1808307.6
1724314.4
1640309.8
1556293.5
1472265.9
1388226.2
1304175.7
1220112.5
1136039.3
1051952.2
967857.03
883744.78
799629.33
715489.29
631357.6
547183.5
463045.15
378822.07
294700.3
210392.21
126347.59
41859.479
18272201
18129439
18056930
17968204
17891312
17807836
17727855
17645259
17564061
17481823
17400176
17318105
17236278
17154272
17072363
16990373
16908418
16826423
16744437
16662427
16580415
16498388
16416353
16334305
16252248
16170180
16088101
16006012
15923912
15841802
15759681
15677549
15595407
15513254
15431090
15348916
15266731
15184535
15102329
15020112
14937885
14855647
14773398
14691138
14608868
14526587
14444295
14361993
14279680
14197356
14115022
14032676
13950320
13867954
13785576
13703188
13620789
13538379
13455959
13373528
13291085
13208633
13126169
13043695
12961210
12878714
12796207
12713689
12631161
12548622
12466071
12383511
12300939
12218356
12135763
12053158
11970543
11887917
11805280
11722633
11639974
11557304
11474624
11391933
11309230
11226517
11143793
11061058
10978312
10895556
10812788
10730009
10647219
10564419
10481607
10398785
10315951
10233107
10150251
10067385
9984507.5
9901619.1
9818719.7
9735809.3
9652887.8
9569955.4
9487011.9
9404057.4
9321091.9
9238115.3
9155127.6
9072129
8989119.2
8906098.4
8823066.6
8740023.7
8656969.6
8573904.5
8490828.4
8407741.1
8324642.7
8241533.2
8158412.6
8075280.9
7992138.1
7908984.1
7825819
7742642.8
7659455.4
7576256.9
7493047.2
7409826.3
7326594.3
7243351.1
7160096.8
7076831.2
6993554.5
6910266.5
6826967.4
6743657.1
6660335.5
6577002.8
6493658.8
6410303.5
6326937.1
6243559.4
6160170.5
6076770.3
5993358.8
5909936.1
5826502.1
5743056.9
5659600.4
5576132.5
5492653.4
5409163
5325661.3
5242148.3
5158624
5075088.4
4991541.4
4907983.1
4824413.4
4740832.5
4657240.1
4573636.5
4490021.4
4406395
4322757.3
4239108.1
4155447.6
4071775.7
3988092.4
3904397.6
3820691.5
3736974
3653245.1
3569504.7
3485752.9
3401989.7
3318215
3234428.9
3150631.3
3066822.3
2983001.9
2899169.9
2815326.5
2731471.6
2647605.2
2563727.3
2479837.9
2395937.1
2312024.7
2228100.8
2144165.3
2060218.4
1976259.9
1892289.9
1808308.3
1724315.2
1640310.6
1556294.2
1472266.6
1388227
1304176.4
1220113.3
1136040.1
1051952.9
967857.76
883745.53
799630.04
715490.07
631358.27
547184.33
463045.73
378823.04
294700.58
210393.55
126346.4
41862.327
18264045
18127693
18055758
17968095
17891235
17807866
17727862
17645274
17564064
17481828
17400177
17318107
17236279
17154273
17072364
16990374
16908419
16826424
16744438
16662428
16580416
16498389
16416354
16334306
16252249
16170181
16088102
16006013
15923913
15841802
15759681
15677550
15595407
15513254
15431091
15348917
15266732
15184536
15102330
15020113
14937886
14855647
14773399
14691139
14608869
14526588
14444296
14361994
14279681
14197357
14115022
14032677
13950321
13867954
13785577
13703189
13620790
13538380
13455960
13373528
13291086
13208634
13126170
13043696
12961210
12878714
12796208
12713690
12631162
12548622
12466072
12383511
12300940
12218357
12135764
12053159
11970544
11887918
11805281
11722633
11639975
11557305
11474625
11391934
11309231
11226518
11143794
11061059
10978313
10895556
10812789
10730010
10647220
10564420
10481608
10398786
10315952
10233108
10150252
10067386
9984508.4
9901620
9818720.5
9735810.1
9652888.7
9569956.2
9487012.7
9404058.2
9321092.7
9238116.1
9155128.5
9072129.8
8989120.1
8906099.3
8823067.4
8740024.5
8656970.5
8573905.4
8490829.2
8407741.9
8324643.5
8241534.1
8158413.5
8075281.8
7992138.9
7908985
7825819.9
7742643.6
7659456.2
7576257.7
7493048
7409827.2
7326595.2
7243352
7160097.6
7076832.1
6993555.3
6910267.4
6826968.3
6743657.9
6660336.4
6577003.6
6493659.6
6410304.4
6326937.9
6243560.2
6160171.3
6076771.1
5993359.7
5909937
5826503
5743057.7
5659601.2
5576133.4
5492654.3
5409163.9
5325662.2
5242149.2
5158624.8
5075089.2
4991542.2
4907983.9
4824414.3
4740833.3
4657241
4573637.3
4490022.3
4406395.9
4322758.1
4239109
4155448.4
4071776.5
3988093.2
3904398.5
3820692.4
3736974.8
3653245.9
3569505.5
3485753.7
3401990.5
3318215.9
3234429.7
3150632.2
3066823.2
2983002.7
2899170.7
2815327.3
2731472.4
2647606
2563728.2
2479838.8
2395937.9
2312025.5
2228101.6
2144166.2
2060219.2
1976260.8
1892290.7
1808309.2
1724316
1640311.4
1556295.1
1472267.4
1388227.8
1304177.2
1220114.1
1136040.9
1051953.8
967858.59
883746.39
799630.86
715490.96
631359.05
547185.28
463046.4
378824.14
294700.91
210395.07
126345.07
41865.563
18254729
18125772
18054483
17967984
17891156
17807900
17727870
17645291
17564068
17481834
17400178
17318109
17236280
17154275
17072364
16990376
16908420
16826425
16744438
16662429
16580417
16498389
16416354
16334307
16252250
16170181
16088103
16006014
15923914
15841803
15759682
15677551
15595408
15513255
15431092
15348918
15266733
15184537
15102331
15020114
14937887
14855648
14773400
14691140
14608870
14526589
14444297
14361995
14279682
14197358
14115023
14032678
13950322
13867955
13785578
13703190
13620791
13538381
13455961
13373529
13291087
13208634
13126171
13043696
12961211
12878715
12796209
12713691
12631163
12548623
12466073
12383512
12300941
12218358
12135765
12053160
11970545
11887919
11805282
11722634
11639976
11557306
11474626
11391934
11309232
11226519
11143795
11061060
10978314
10895557
10812790
10730011
10647221
10564421
10481609
10398787
10315953
10233109
10150253
10067387
9984509.3
9901620.9
9818721.5
9735811.1
9652889.6
9569957.2
9487013.7
9404059.2
9321093.6
9238117.1
9155129.4
9072130.8
8989121
8906100.2
8823068.4
8740025.4
8656971.4
8573906.3
8490830.1
8407742.9
8324644.5
8241535
8158414.4
8075282.7
7992139.9
7908985.9
7825820.8
7742644.6
7659457.2
7576258.7
7493049
7409828.1
7326596.1
7243352.9
7160098.6
7076833
6993556.3
6910268.3
6826969.2
6743658.9
6660337.3
6577004.5
6493660.6
6410305.3
6326938.9
6243561.2
6160172.2
6076772.1
5993360.6
5909937.9
5826503.9
5743058.7
5659602.1
5576134.3
5492655.2
5409164.8
5325663.1
5242150.1
5158625.8
5075090.1
4991543.2
4907984.9
4824415.2
4740834.3
4657241.9
4573638.3
4490023.2
4406396.8
4322759
4239109.9
4155449.4
4071777.5
3988094.1
3904399.4
3820693.3
3736975.8
3653246.9
3569506.5
3485754.7
3401991.5
3318216.8
3234430.7
3150633.1
3066824.1
2983003.6
2899171.7
2815328.3
2731473.4
2647607
2563729.1
2479839.7
2395938.8
2312026.5
2228102.6
2144167.1
2060220.2
1976261.7
1892291.7
1808310.1
1724317
1640312.4
1556296
1472268.4
1388228.8
1304178.2
1220115.1
1136041.8
1051954.8
967859.52
883747.36
799631.77
715491.96
631359.92
547186.35
463047.16
378825.37
294701.3
210396.77
126343.62
41869.184
18244194
18123691
18053123
17967877
17891078
17807941
17727879
17645309
17564072
17481840
17400179
17318111
17236280
17154276
17072365
16990377
16908421
16826426
16744439
16662430
16580418
16498391
16416355
16334308
16252251
16170183
16088104
16006015
15923915
15841804
15759683
15677552
15595409
15513256
15431093
15348919
15266734
15184538
15102332
15020115
14937888
14855649
14773401
14691141
14608871
14526590
14444298
14361996
14279683
14197359
14115024
14032679
13950323
13867956
13785579
13703191
13620792
13538382
13455962
13373530
13291088
13208636
13126172
13043698
12961212
12878716
12796210
12713692
12631164
12548624
12466074
12383513
12300942
12218359
12135766
12053161
11970546
11887920
11805283
11722635
11639977
11557307
11474627
11391936
11309233
11226520
11143796
11061061
10978315
10895558
10812791
10730012
10647222
10564422
10481610
10398788
10315954
10233110
10150254
10067388
9984510.4
9901621.9
9818722.5
9735812.1
9652890.7
9569958.2
9487014.7
9404060.2
9321094.7
9238118.1
9155130.5
9072131.8
8989122.1
8906101.3
8823069.4
8740026.5
8656972.5
8573907.4
8490831.2
8407743.9
8324645.5
8241536.1
8158415.5
8075283.7
7992140.9
7908986.9
7825821.9
7742645.6
7659458.2
7576259.7
7493050
7409829.2
7326597.2
7243354
7160099.6
7076834.1
6993557.3
6910269.4
6826970.3
6743659.9
6660338.4
6577005.6
6493661.6
6410306.4
6326939.9
6243562.2
6160173.3
6076773.1
5993361.7
5909939
5826505
5743059.7
5659603.2
5576135.4
5492656.3
5409165.9
5325664.2
5242151.2
5158626.8
5075091.2
4991544.2
4907985.9
4824416.3
4740835.3
4657243
4573639.3
4490024.3
4406397.9
4322760.1
4239111
4155450.4
4071778.5
3988095.2
3904400.5
3820694.4
3736976.8
3653247.9
3569507.5
3485755.7
3401992.5
3318217.9
3234431.7
3150634.2
3066825.2
2983004.7
2899172.7
2815329.3
2731474.4
2647608
2563730.2
2479840.8
2395939.9
2312027.5
2228103.6
2144168.2
2060221.2
1976262.8
1892292.7
1808311.2
1724318
1640313.4
1556297.1
1472269.4
1388229.8
1304179.2
1220116.1
1136042.9
1051955.8
967860.56
883748.44
799632.79
715493.06
631360.89
547187.53
463048.01
378826.75
294701.74
210398.66
126342.08
41873.185
18232377
18121471
18051696
17967778
17891004
17807987
17727891
17645329
17564077
17481846
17400180
17318114
17236281
17154278
17072366
16990378
16908422
16826428
16744441
16662431
16580419
16498392
16416357
16334309
16252252
16170184
16088105
16006016
15923916
15841806
15759685
15677553
15595411
15513258
15431094
15348920
15266735
15184539
15102333
15020116
14937889
14855651
14773402
14691142
14608872
14526591
14444299
14361997
14279684
14197360
14115026
14032680
13950324
13867958
13785580
13703192
13620793
13538383
13455963
13373532
13291089
13208637
13126173
13043699
12961214
12878718
12796211
12713693
12631165
12548625
12466075
12383515
12300943
12218360
12135767
12053162
11970547
11887921
11805284
11722637
11639978
11557308
11474628
11391937
11309234
11226521
11143797
11061062
10978316
10895560
10812792
10730013
10647223
10564423
10481611
10398789
10315955
10233111
10150255
10067389
9984511.5
9901623.1
9818723.7
9735813.3
9652891.8
9569959.4
9487015.9
9404061.4
9321095.8
9238119.3
9155131.6
9072133
8989123.2
8906102.4
8823070.6
8740027.6
8656973.6
8573908.5
8490832.4
8407745.1
8324646.7
8241537.2
8158416.6
8075284.9
7992142.1
7908988.1
7825823
7742646.8
7659459.4
7576260.9
7493051.2
7409830.3
7326598.3
7243355.1
7160100.8
7076835.2
6993558.5
6910270.5
6826971.4
6743661.1
6660339.5
6577006.8
6493662.8
6410307.5
6326941.1
6243563.4
6160174.5
6076774.3
5993362.8
5909940.1
5826506.1
5743060.9
5659604.4
5576136.5
5492657.4
5409167
5325665.3
5242152.3
5158628
5075092.3
4991545.4
4907987.1
4824417.4
4740836.5
4657244.1
4573640.5
4490025.4
4406399
4322761.3
4239112.1
4155451.6
4071779.7
3988096.4
3904401.6
3820695.5
3736978
3653249.1
3569508.7
3485756.9
3401993.7
3318219
3234432.9
3150635.3
3066826.3
2983005.9
2899173.9
2815330.5
2731475.6
2647609.2
2563731.3
2479841.9
2395941.1
2312028.7
2228104.8
2144169.3
2060222.4
1976263.9
1892293.9
1808312.3
1724319.2
1640314.6
1556298.2
1472270.6
1388231
1304180.4
1220117.3
1136044
1051957
967861.7
883749.62
799633.91
715494.28
631361.96
547188.84
463048.94
378828.25
294702.24
210400.71
126340.45
41877.557
18219199
18119138
18050224
17967692
17890937
17808040
17727905
17645351
17564082
17481853
17400182
17318117
17236282
17154280
17072367
16990379
16908423
16826429
16744442
16662433
16580420
16498393
16416358
16334310
16252253
16170185
16088107
16006017
15923917
15841807
15759686
15677554
15595412
15513259
15431095
15348921
15266736
15184541
15102334
15020118
14937890
14855652
14773403
14691143
14608873
14526592
14444301
14361998
14279685
14197361
14115027
14032682
13950326
13867959
13785581
13703193
13620794
13538385
13455964
13373533
13291091
13208638
13126174
13043700
12961215
12878719
12796212
12713694
12631166
12548627
12466077
12383516
12300944
12218361
12135768
12053164
11970549
11887923
11805286
11722638
11639979
11557310
11474629
11391938
11309236
11226523
11143799
11061064
10978318
10895561
10812793
10730014
10647225
10564424
10481613
10398790
10315957
10233112
10150257
10067390
9984512.8
9901624.4
9818724.9
9735814.5
9652893.1
9569960.6
9487017.1
9404062.6
9321097.1
9238120.5
9155132.9
9072134.2
8989124.5
8906103.7
8823071.8
8740028.9
8656974.9
8573909.8
8490833.6
8407746.3
8324648
8241538.5
8158417.9
8075286.2
7992143.3
7908989.4
7825824.3
7742648
7659460.7
7576262.1
7493052.4
7409831.6
7326599.6
7243356.4
7160102
7076836.5
6993559.7
6910271.8
6826972.7
6743662.3
6660340.8
6577008
6493664
6410308.8
6326942.4
6243564.7
6160175.7
6076775.5
5993364.1
5909941.4
5826507.4
5743062.1
5659605.6
5576137.8
5492658.7
5409168.3
5325666.6
5242153.6
5158629.3
5075093.6
4991546.6
4907988.3
4824418.7
4740837.7
4657245.4
4573641.7
4490026.7
4406400.3
4322762.5
4239113.4
4155452.8
4071780.9
3988097.6
3904402.9
3820696.8
3736979.3
3653250.3
3569510
3485758.2
3401994.9
3318220.3
3234434.2
3150636.6
3066827.6
2983007.1
2899175.2
2815331.7
2731476.8
2647610.5
2563732.6
2479843.2
2395942.3
2312029.9
2228106
2144170.6
2060223.6
1976265.2
1892295.1
1808313.6
1724320.4
1640315.8
1556299.5
1472271.9
1388232.3
1304181.7
1220118.6
1136045.3
1051958.3
967862.95
883750.91
799635.14
715495.61
631363.12
547190.26
463049.96
378829.89
294702.79
210402.95
126338.76
41882.296
18204569
18116718
18048733
17967625
17890881
17808100
17727921
17645375
17564087
17481861
17400183
17318120
17236283
17154281
17072368
16990381
16908424
16826430
16744443
16662434
16580422
16498394
16416359
16334312
16252255
16170186
16088108
16006019
15923919
15841808
15759687
15677556
15595413
15513260
15431097
15348922
15266738
15184542
15102336
15020119
14937891
14855653
14773404
14691145
14608874
14526594
14444302
14362000
14279686
14197363
14115028
14032683
13950327
13867960
13785583
13703195
13620796
13538386
13455965
13373534
13291092
13208639
13126176
13043701
12961216
12878720
12796213
12713696
12631167
12548628
12466078
12383517
12300945
12218363
12135769
12053165
11970550
11887924
11805287
11722639
11639981
11557311
11474631
11391939
11309237
11226524
11143800
11061065
10978319
10895562
10812794
10730016
10647226
10564425
10481614
10398791
10315958
10233113
10150258
10067392
9984514.1
9901625.7
9818726.3
9735815.9
9652894.4
9569962
9487018.5
9404064
9321098.5
9238121.9
9155134.3
9072135.6
8989125.9
8906105.1
8823073.2
8740030.3
8656976.3
8573911.2
8490835
8407747.7
8324649.3
8241539.8
8158419.2
8075287.5
7992144.7
7908990.7
7825825.6
7742649.4
7659462
7576263.5
7493053.8
7409833
7326600.9
7243357.8
7160103.4
7076837.8
6993561.1
6910273.2
6826974
6743663.7
6660342.1
6577009.4
6493665.4
6410310.2
6326943.7
6243566
6160177.1
6076776.9
5993365.4
5909942.7
5826508.8
5743063.5
5659607
5576139.2
5492660.1
5409169.7
5325668
5242154.9
5158630.6
5075095
4991548
4907989.7
4824420.1
4740839.1
4657246.8
4573643.1
4490028.1
4406401.7
4322763.9
4239114.7
4155454.2
4071782.3
3988099
3904404.3
3820698.2
3736980.6
3653251.7
3569511.3
3485759.5
3401996.3
3318221.6
3234435.5
3150638
3066829
2983008.5
2899176.5
2815333.1
2731478.2
2647611.8
2563733.9
2479844.6
2395943.7
2312031.3
2228107.4
2144172
2060225
1976266.5
1892296.5
1808315
1724321.8
1640317.2
1556300.9
1472273.2
1388233.6
1304183
1220119.9
1136046.7
1051959.6
967864.3
883752.31
799636.46
715497.05
631364.39
547191.79
463051.07
378831.66
294703.42
210405.35
126337.03
41887.393
18188377
18114245
18047251
17967582
17890838
17808167
17727940
17645401
17564093
17481869
17400185
17318123
17236284
17154283
17072370
16990383
16908426
16826432
16744444
16662436
16580423
16498396
16416361
16334313
16252256
16170188
16088109
16006020
15923920
15841810
15759689
15677557
15595415
15513262
15431098
15348924
15266739
15184543
15102337
15020120
14937893
14855655
14773406
14691146
14608876
14526595
14444303
14362001
14279688
14197364
14115030
14032684
13950328
13867962
13785584
13703196
13620797
13538387
13455967
13373536
13291094
13208641
13126177
13043703
12961218
12878722
12796215
12713697
12631169
12548630
12466080
12383519
12300947
12218364
12135771
12053167
11970551
11887925
11805288
11722641
11639982
11557313
11474632
11391941
11309239
11226525
11143801
11061066
10978321
10895564
10812796
10730017
10647228
10564427
10481615
10398793
10315959
10233115
10150259
10067393
9984515.6
9901627.2
9818727.8
9735817.4
9652895.9
9569963.5
9487020
9404065.5
9321099.9
9238123.4
9155135.7
9072137.1
8989127.3
8906106.5
8823074.7
8740031.7
8656977.7
8573912.6
8490836.4
8407749.2
8324650.8
8241541.3
8158420.7
8075289
7992146.2
7908992.2
7825827.1
7742650.9
7659463.5
7576265
7493055.3
7409834.4
7326602.4
7243359.2
7160104.9
7076839.3
6993562.6
6910274.6
6826975.5
6743665.2
6660343.6
6577010.9
6493666.9
6410311.6
6326945.2
6243567.5
6160178.6
6076778.4
5993366.9
5909944.2
5826510.2
5743065
5659608.5
5576140.6
5492661.5
5409171.1
5325669.4
5242156.4
5158632.1
5075096.4
4991549.5
4907991.2
4824421.5
4740840.6
4657248.2
4573644.6
4490029.5
4406403.1
4322765.4
4239116.2
4155455.7
4071783.8
3988100.5
3904405.7
3820699.6
3736982.1
3653253.2
3569512.8
3485761
3401997.8
3318223.1
3234437
3150639.5
3066830.4
2983010
2899178
2815334.6
2731479.7
2647613.3
2563735.4
2479846
2395945.2
2312032.8
2228108.9
2144173.4
2060226.5
1976268
1892298
1808316.4
1724323.3
1640318.7
1556302.4
1472274.7
1388235.1
1304184.5
1220121.4
1136048.1
1051961.1
967865.75
883753.82
799637.89
715498.6
631365.75
547193.45
463052.26
378833.57
294704.11
210407.92
126335.28
41892.841
18170497
18111760
18045810
17967571
17890812
17808243
17727961
17645428
17564099
17481877
17400186
17318126
17236285
17154286
17072371
16990384
16908427
16826434
16744446
16662437
16580425
16498397
16416362
16334315
16252258
16170189
16088111
16006022
15923922
15841811
15759690
15677559
15595416
15513263
15431100
15348925
15266741
15184545
15102339
15020122
14937894
14855656
14773407
14691148
14608878
14526597
14444305
14362003
14279689
14197366
14115031
14032686
13950330
13867963
13785586
13703198
13620799
13538389
13455968
13373537
13291095
13208642
13126179
13043704
12961219
12878723
12796216
12713699
12631170
12548631
12466081
12383520
12300948
12218366
12135772
12053168
11970553
11887927
11805290
11722642
11639984
11557314
11474634
11391942
11309240
11226527
11143803
11061068
10978322
10895565
10812797
10730019
10647229
10564429
10481617
10398794
10315961
10233116
10150261
10067395
9984517.2
9901628.8
9818729.4
9735818.9
9652897.5
9569965
9487021.6
9404067.1
9321101.5
9238124.9
9155137.3
9072138.6
8989128.9
8906108.1
8823076.2
8740033.3
8656979.3
8573914.2
8490838
8407750.7
8324652.4
8241542.9
8158422.3
8075290.6
7992147.7
7908993.8
7825828.7
7742652.4
7659465.1
7576266.5
7493056.9
7409836
7326604
7243360.8
7160106.4
7076840.9
6993564.2
6910276.2
6826977.1
6743666.7
6660345.2
6577012.4
6493668.4
6410313.2
6326946.8
6243569.1
6160180.1
6076779.9
5993368.5
5909945.8
5826511.8
5743066.6
5659610
5576142.2
5492663.1
5409172.7
5325671
5242158
5158633.7
5075098
4991551.1
4907992.8
4824423.1
4740842.1
4657249.8
4573646.1
4490031.1
4406404.7
4322766.9
4239117.8
4155457.3
4071785.3
3988102
3904407.3
3820701.2
3736983.7
3653254.7
3569514.4
3485762.6
3401999.4
3318224.7
3234438.6
3150641
3066832
2983011.5
2899179.6
2815336.2
2731481.3
2647614.9
2563737
2479847.6
2395946.7
2312034.4
2228110.4
2144175
2060228.1
1976269.6
1892299.6
1808318
1724324.9
1640320.3
1556303.9
1472276.3
1388236.7
1304186.1
1220123
1136049.7
1051962.7
967867.31
883755.43
799639.42
715500.26
631367.21
547195.22
463053.55
378835.61
294704.87
210410.65
126333.55
41898.632
18150800
18109308
18044447
17967596
17890807
17808326
17727986
17645457
17564105
17481886
17400188
17318130
17236286
17154288
17072372
16990386
16908429
16826435
16744448
16662439
16580426
16498399
16416364
16334316
16252259
16170191
16088113
16006023
15923923
15841813
15759692
15677560
15595418
15513265
15431101
15348927
15266742
15184547
15102341
15020124
14937896
14855658
14773409
14691149
14608879
14526598
14444307
14362004
14279691
14197367
14115033
14032688
13950332
13867965
13785587
13703199
13620800
13538391
13455970
13373539
13291097
13208644
13126180
13043706
12961221
12878725
12796218
12713700
12631172
12548633
12466083
12383522
12300950
12218368
12135774
12053170
11970555
11887929
11805292
11722644
11639985
11557316
11474635
11391944
11309242
11226529
11143805
11061070
10978324
10895567
10812799
10730020
10647231
10564430
10481619
10398796
10315963
10233118
10150263
10067396
9984518.9
9901630.5
9818731
9735820.6
9652899.2
9569966.7
9487023.2
9404068.7
9321103.2
9238126.6
9155139
9072140.3
8989130.6
8906109.8
8823077.9
8740035
8656981
8573915.9
8490839.7
8407752.4
8324654.1
8241544.6
8158424
8075292.3
7992149.4
7908995.5
7825830.4
7742654.1
7659466.7
7576268.2
7493058.5
7409837.7
7326605.7
7243362.5
7160108.1
7076842.6
6993565.8
6910277.9
6826978.8
6743668.4
6660346.9
6577014.1
6493670.1
6410314.9
6326948.4
6243570.8
6160181.8
6076781.6
5993370.2
5909947.5
5826513.5
5743068.2
5659611.7
5576143.9
5492664.8
5409174.4
5325672.7
5242159.7
5158635.4
5075099.7
4991552.7
4907994.4
4824424.8
4740843.8
4657251.5
4573647.8
4490032.8
4406406.4
4322768.6
4239119.5
4155458.9
4071787
3988103.7
3904409
3820702.9
3736985.4
3653256.4
3569516.1
3485764.3
3402001
3318226.4
3234440.3
3150642.7
3066833.7
2983013.2
2899181.3
2815337.9
2731482.9
2647616.6
2563738.7
2479849.3
2395948.4
2312036
2228112.1
2144176.7
2060229.8
1976271.3
1892301.2
1808319.7
1724326.6
1640321.9
1556305.6
1472278
1388238.4
1304187.8
1220124.7
1136051.4
1051964.4
967868.98
883757.16
799641.05
715502.03
631368.77
547197.11
463054.93
378837.78
294705.71
210413.53
126331.86
41904.756
18129171
18106945
18043202
17967664
17890824
17808417
17728013
17645487
17564111
17481895
17400189
17318134
17236288
17154290
17072374
16990388
16908430
16826437
16744449
16662441
16580428
16498401
16416366
16334318
16252261
16170193
16088114
16006025
15923925
15841815
15759694
15677562
15595420
15513267
15431103
15348929
15266744
15184548
15102342
15020125
14937898
14855660
14773411
14691151
14608881
14526600
14444308
14362006
14279693
14197369
14115035
14032689
13950333
13867967
13785589
13703201
13620802
13538392
13455972
13373541
13291099
13208646
13126182
13043708
12961223
12878727
12796220
12713702
12631174
12548635
12466085
12383524
12300952
12218369
12135776
12053172
11970556
11887930
11805294
11722646
11639987
11557318
11474637
11391946
11309244
11226530
11143806
11061071
10978326
10895569
10812801
10730022
10647233
10564432
10481620
10398798
10315964
10233120
10150264
10067398
9984520.6
9901632.2
9818732.8
9735822.4
9652901
9569968.5
9487025
9404070.5
9321105
9238128.4
9155140.8
9072142.1
8989132.4
8906111.6
8823079.7
8740036.8
8656982.8
8573917.7
8490841.5
8407754.2
8324655.8
8241546.3
8158425.8
8075294
7992151.2
7908997.2
7825832.1
7742655.9
7659468.5
7576270
7493060.3
7409839.5
7326607.5
7243364.3
7160109.9
7076844.4
6993567.6
6910279.7
6826980.6
6743670.2
6660348.7
6577015.9
6493671.9
6410316.7
6326950.2
6243572.5
6160183.6
6076783.4
5993372
5909949.3
5826515.3
5743070
5659613.5
5576145.7
5492666.6
5409176.2
5325674.5
5242161.5
5158637.1
5075101.5
4991554.5
4907996.2
4824426.6
4740845.6
4657253.3
4573649.6
4490034.6
4406408.2
4322770.4
4239121.3
4155460.7
4071788.8
3988105.5
3904410.8
3820704.7
3736987.2
3653258.2
3569517.8
3485766.1
3402002.8
3318228.2
3234442.1
3150644.5
3066835.5
2983015
2899183.1
2815339.6
2731484.7
2647618.3
2563740.5
2479851.1
2395950.2
2312037.8
2228113.9
2144178.5
2060231.5
1976273.1
1892303
1808321.5
1724328.3
1640323.7
1556307.4
1472279.7
1388240.2
1304189.5
1220126.5
1136053.1
1051966.2
967870.74
883758.98
799642.78
715503.91
631370.42
547199.11
463056.39
378840.07
294706.62
210416.57
126330.24
41911.193
18105361
18104729
18042126
17967779
17890867
17808517
17728043
17645518
17564118
17481905
17400191
17318138
17236289
17154293
17072375
16990390
16908432
16826439
16744451
16662443
16580430
16498403
16416368
16334320
16252263
16170195
16088116
16006027
15923927
15841817
15759696
15677564
15595422
15513269
15431105
15348931
15266746
15184550
15102344
15020127
14937900
14855662
14773413
14691153
14608883
14526602
14444310
14362008
14279695
14197371
14115036
14032691
13950335
13867969
13785591
13703203
13620804
13538394
13455974
13373543
13291100
13208648
13126184
13043710
12961225
12878729
12796222
12713704
12631176
12548636
12466086
12383526
12300954
12218371
12135778
12053173
11970558
11887932
11805295
11722648
11639989
11557319
11474639
11391948
11309245
11226532
11143808
11061073
10978327
10895571
10812803
10730024
10647234
10564434
10481622
10398800
10315966
10233122
10150266
10067400
9984522.5
9901634.1
9818734.7
9735824.3
9652902.8
9569970.4
9487026.9
9404072.4
9321106.8
9238130.3
9155142.6
9072144
8989134.2
8906113.4
8823081.6
8740038.6
8656984.6
8573919.5
8490843.4
8407756.1
8324657.7
8241548.2
8158427.6
8075295.9
7992153.1
7908999.1
7825834
7742657.8
7659470.4
7576271.9
7493062.2
7409841.3
7326609.3
7243366.1
7160111.8
7076846.2
6993569.5
6910281.6
6826982.4
6743672.1
6660350.5
6577017.8
6493673.8
6410318.6
6326952.1
6243574.4
6160185.5
6076785.3
5993373.8
5909951.1
5826517.2
5743071.9
5659615.4
5576147.6
5492668.5
5409178.1
5325676.3
5242163.3
5158639
5075103.4
4991556.4
4907998.1
4824428.5
4740847.5
4657255.2
4573651.5
4490036.5
4406410.1
4322772.3
4239123.1
4155462.6
4071790.7
3988107.4
3904412.7
3820706.6
3736989
3653260.1
3569519.7
3485767.9
3402004.7
3318230
3234443.9
3150646.4
3066837.4
2983016.9
2899184.9
2815341.5
2731486.6
2647620.2
2563742.3
2479853
2395952.1
2312039.7
2228115.8
2144180.4
2060233.4
1976274.9
1892304.9
1808323.4
1724330.2
1640325.6
1556309.3
1472281.6
1388242
1304191.4
1220128.4
1136055
1051968.1
967872.59
883760.9
799644.6
715505.88
631372.15
547201.21
463057.93
378842.49
294707.6
210419.75
126328.72
41917.954
18078419
18102724
18041278
17967957
17890942
17808627
17728077
17645552
17564125
17481915
17400192
17318142
17236290
17154295
17072377
16990393
16908434
16826441
16744453
16662445
16580432
16498405
16416370
16334322
16252265
16170197
16088118
16006029
15923929
15841819
15759698
15677566
15595424
15513271
15431107
15348933
15266748
15184552
15102346
15020129
14937902
14855664
14773415
14691155
14608885
14526604
14444312
14362010
14279697
14197373
14115039
14032693
13950337
13867971
13785593
13703205
13620806
13538396
13455976
13373545
13291102
13208650
13126186
13043712
12961227
12878731
12796224
12713706
12631178
12548638
12466088
12383528
12300956
12218373
12135780
12053175
11970560
11887934
11805297
11722650
11639991
11557321
11474641
11391950
11309247
11226534
11143810
11061075
10978329
10895573
10812805
10730026
10647236
10564436
10481624
10398802
10315968
10233124
10150268
10067402
9984524.5
9901636.1
9818736.7
9735826.3
9652904.8
9569972.4
9487028.9
9404074.4
9321108.9
9238132.3
9155144.7
9072146
8989136.2
8906115.5
8823083.6
8740040.7
8656986.6
8573921.6
8490845.4
8407758.1
8324659.7
8241550.2
8158429.6
8075297.9
7992155.1
7909001.1
7825836
7742659.8
7659472.4
7576273.9
7493064.2
7409843.4
7326611.3
7243368.2
7160113.8
7076848.2
6993571.5
6910283.6
6826984.4
6743674.1
6660352.5
6577019.8
6493675.8
6410320.6
6326954.1
6243576.4
6160187.5
6076787.3
5993375.8
5909953.1
5826519.2
5743073.9
5659617.4
5576149.6
5492670.5
5409180.1
5325678.4
5242165.4
5158641
5075105.4
4991558.4
4908000.1
4824430.5
4740849.5
4657257.2
4573653.5
4490038.5
4406412.1
4322774.3
4239125.1
4155464.6
4071792.7
3988109.4
3904414.7
3820708.6
3736991
3653262.1
3569521.7
3485769.9
3402006.7
3318232.1
3234445.9
3150648.4
3066839.4
2983018.9
2899186.9
2815343.5
2731488.6
2647622.2
2563744.4
2479855
2395954.1
2312041.7
2228117.8
2144182.4
2060235.4
1976277
1892306.9
1808325.4
1724332.2
1640327.6
1556311.3
1472283.6
1388244.1
1304193.4
1220130.4
1136057
1051970.2
967874.58
883762.95
799646.55
715508
631374.02
547203.47
463059.58
378845.08
294708.68
210423.14
126327.31
41925.175
18046774
18101059
18040722
17968231
17891066
17808757
17728118
17645588
17564133
17481925
17400194
17318146
17236292
17154299
17072379
16990395
16908436
16826444
16744455
16662447
16580434
16498407
16416372
16334324
16252267
16170199
16088121
16006031
15923931
15841821
15759700
15677568
15595426
15513273
15431109
15348935
15266750
15184555
15102348
15020132
14937904
14855666
14773417
14691157
14608887
14526606
14444315
14362012
14279699
14197375
14115041
14032696
13950340
13867973
13785595
13703207
13620808
13538399
13455978
13373547
13291105
13208652
13126188
13043714
12961229
12878733
12796226
12713708
12631180
12548641
12466091
12383530
12300958
12218375
12135782
12053178
11970563
11887937
11805300
11722652
11639993
11557324
11474643
11391952
11309250
11226537
11143813
11061078
10978332
10895575
10812807
10730028
10647239
10564438
10481627
10398804
10315971
10233126
10150271
10067404
9984526.8
9901638.4
9818739
9735828.6
9652907.1
9569974.7
9487031.2
9404076.7
9321111.2
9238134.6
9155147
9072148.3
8989138.6
8906117.8
8823085.9
8740043
8656989
8573923.9
8490847.7
8407760.4
8324662
8241552.5
8158431.9
8075300.2
7992157.4
7909003.4
7825838.3
7742662.1
7659474.7
7576276.2
7493066.5
7409845.7
7326613.6
7243370.5
7160116.1
7076850.5
6993573.8
6910285.9
6826986.7
6743676.4
6660354.9
6577022.1
6493678.1
6410322.9
6326956.4
6243578.7
6160189.8
6076789.6
5993378.2
5909955.5
5826521.5
5743076.2
5659619.7
5576151.9
5492672.8
5409182.4
5325680.7
5242167.7
5158643.3
5075107.7
4991560.7
4908002.4
4824432.8
4740851.8
4657259.5
4573655.8
4490040.8
4406414.4
4322776.6
4239127.5
4155466.9
4071795
3988111.7
3904417
3820710.9
3736993.4
3653264.4
3569524.1
3485772.3
3402009
3318234.4
3234448.3
3150650.7
3066841.7
2983021.2
2899189.3
2815345.8
2731490.9
2647624.6
2563746.7
2479857.3
2395956.4
2312044
2228120.1
2144184.7
2060237.7
1976279.3
1892309.2
1808327.7
1724334.6
1640329.9
1556313.6
1472285.9
1388246.4
1304195.7
1220132.7
1136059.3
1051972.5
967876.86
883765.31
799648.79
715510.42
631376.17
547206.03
463061.52
378847.99
294710.04
210426.85
126326.24
41933.01
18013959
18100017
18040447
17968606
17891244
17808903
17728171
17645627
17564143
17481936
17400197
17318151
17236294
17154302
17072381
16990398
16908438
16826446
16744458
16662450
16580437
16498410
16416374
16334327
16252270
16170202
16088123
16006034
15923934
15841824
15759702
15677571
15595428
15513276
15431112
15348938
15266753
15184557
15102351
15020134
14937907
14855668
14773420
14691160
14608890
14526609
14444317
14362015
14279702
14197378
14115043
14032698
13950342
13867975
13785598
13703210
13620811
13538401
13455981
13373549
13291107
13208655
13126191
13043717
12961231
12878735
12796229
12713711
12631183
12548643
12466093
12383532
12300961
12218378
12135785
12053180
11970565
11887939
11805302
11722655
11639996
11557326
11474646
11391955
11309252
11226539
11143815
11061080
10978334
10895577
10812810
10730031
10647241
10564441
10481629
10398807
10315973
10233129
10150273
10067407
9984529.4
9901641
9818741.6
9735831.2
9652909.7
9569977.3
9487033.8
9404079.3
9321113.8
9238137.2
9155149.6
9072150.9
8989141.2
8906120.4
8823088.5
8740045.6
8656991.6
8573926.5
8490850.3
8407763
8324664.6
8241555.1
8158434.5
8075302.8
7992160
7909006
7825840.9
7742664.7
7659477.3
7576278.8
7493069.1
7409848.3
7326616.2
7243373.1
7160118.7
7076853.1
6993576.4
6910288.5
6826989.3
6743679
6660357.5
6577024.7
6493680.7
6410325.5
6326959
6243581.3
6160192.4
6076792.2
5993380.8
5909958.1
5826524.1
5743078.8
5659622.3
5576154.5
5492675.4
5409185
5325683.3
5242170.3
5158645.9
5075110.3
4991563.3
4908005
4824435.4
4740854.4
4657262.1
4573658.4
4490043.4
4406417
4322779.2
4239130.1
4155469.5
4071797.6
3988114.3
3904419.6
3820713.5
3736996
3653267
3569526.7
3485774.9
3402011.6
3318237
3234450.9
3150653.3
3066844.3
2983023.8
2899191.9
2815348.4
2731493.5
2647627.2
2563749.3
2479859.9
2395959
2312046.6
2228122.7
2144187.3
2060240.3
1976281.9
1892311.8
1808330.3
1724337.2
1640332.5
1556316.2
1472288.5
1388249
1304198.3
1220135.3
1136061.9
1051975.1
967879.44
883767.95
799651.34
715513.1
631378.65
547208.83
463063.83
378851.07
294711.9
210430.57
126326.02
41940.448
)
;

boundaryField
{
    inlet
    {
        type            fixedFluxPressure;
        gradient        uniform 0;
        value           nonuniform List<scalar> 
22
(
18300098
18298869
18296932
18294042
18290137
18285211
18279243
18272201
18264045
18254729
18244194
18232377
18219199
18204569
18188377
18170497
18150800
18129171
18105361
18078419
18046774
18013959
)
;
    }
    outlet
    {
        type            totalPressure;
        rho             rho;
        psi             none;
        gamma           1;
        p0              uniform 0;
        value           uniform 0;
    }
    walls
    {
        type            fixedFluxPressure;
        gradient        uniform 0;
        value           nonuniform List<scalar> 
220
(
18013959
18100017
18040447
17968606
17891244
17808903
17728171
17645627
17564143
17481936
17400197
17318151
17236294
17154302
17072381
16990398
16908438
16826446
16744458
16662450
16580437
16498410
16416374
16334327
16252270
16170202
16088123
16006034
15923934
15841824
15759702
15677571
15595428
15513276
15431112
15348938
15266753
15184557
15102351
15020134
14937907
14855668
14773420
14691160
14608890
14526609
14444317
14362015
14279702
14197378
14115043
14032698
13950342
13867975
13785598
13703210
13620811
13538401
13455981
13373549
13291107
13208655
13126191
13043717
12961231
12878735
12796229
12713711
12631183
12548643
12466093
12383532
12300961
12218378
12135785
12053180
11970565
11887939
11805302
11722655
11639996
11557326
11474646
11391955
11309252
11226539
11143815
11061080
10978334
10895577
10812810
10730031
10647241
10564441
10481629
10398807
10315973
10233129
10150273
10067407
9984529.4
9901641
9818741.6
9735831.2
9652909.7
9569977.3
9487033.8
9404079.3
9321113.8
9238137.2
9155149.6
9072150.9
8989141.2
8906120.4
8823088.5
8740045.6
8656991.6
8573926.5
8490850.3
8407763
8324664.6
8241555.1
8158434.5
8075302.8
7992160
7909006
7825840.9
7742664.7
7659477.3
7576278.8
7493069.1
7409848.3
7326616.2
7243373.1
7160118.7
7076853.1
6993576.4
6910288.5
6826989.3
6743679
6660357.5
6577024.7
6493680.7
6410325.5
6326959
6243581.3
6160192.4
6076792.2
5993380.8
5909958.1
5826524.1
5743078.8
5659622.3
5576154.5
5492675.4
5409185
5325683.3
5242170.3
5158645.9
5075110.3
4991563.3
4908005
4824435.4
4740854.4
4657262.1
4573658.4
4490043.4
4406417
4322779.2
4239130.1
4155469.5
4071797.6
3988114.3
3904419.6
3820713.5
3736996
3653267
3569526.7
3485774.9
3402011.6
3318237
3234450.9
3150653.3
3066844.3
2983023.8
2899191.9
2815348.4
2731493.5
2647627.2
2563749.3
2479859.9
2395959
2312046.6
2228122.7
2144187.3
2060240.3
1976281.9
1892311.8
1808330.3
1724337.2
1640332.5
1556316.2
1472288.5
1388249
1304198.3
1220135.3
1136061.9
1051975.1
967879.44
883767.95
799651.34
715513.1
631378.65
547208.83
463063.83
378851.07
294711.9
210430.57
126326.02
41940.448
)
;
    }
    centreline
    {
        type            symmetryPlane;
    }
    frontAndBack
    {
        type            empty;
    }
}


// ************************************************************************* //
