/*--------------------------------*- C++ -*----------------------------------*\
  =========                 |
  \\      /  F ield         | OpenFOAM: The Open Source CFD Toolbox
   \\    /   O peration     | Website:  https://openfoam.org
    \\  /    A nd           | Version:  6
     \\/     M anipulation  |
\*---------------------------------------------------------------------------*/
FoamFile
{
    version     2.0;
    format      ascii;
    class       volVectorField;
    location    "0";
    object      U;
}
// * * * * * * * * * * * * * * * * * * * * * * * * * * * * * * * * * * * * * //

dimensions      [0 1 -1 0 0 0 0];

internalField   uniform (0 0 0);

boundaryField
{
    inlet
    {
        type            fixedProfile;
        profile         polynomial
        
2
(
((0.1135 0 0) (0 0 0))
((-113500 0 0) (2 0 0))
)
;
        direction       (0 0 1);
        origin          0.001;
        value           nonuniform List<vector> 
1600
(
(0.0028197656 0 0)
(0.0028197656 0 0)
(0.0028197656 0 0)
(0.0028197656 0 0)
(0.0028197656 0 0)
(0.0028197656 0 0)
(0.0028197656 0 0)
(0.0028197656 0 0)
(0.0028197656 0 0)
(0.0028197656 0 0)
(0.0028197656 0 0)
(0.0028197656 0 0)
(0.0028197656 0 0)
(0.0028197656 0 0)
(0.0028197656 0 0)
(0.0028197656 0 0)
(0.0028197656 0 0)
(0.0028197656 0 0)
(0.0028197656 0 0)
(0.0028197656 0 0)
(0.0028197656 0 0)
(0.0028197656 0 0)
(0.0028197656 0 0)
(0.0028197656 0 0)
(0.0028197656 0 0)
(0.0028197656 0 0)
(0.0028197656 0 0)
(0.0028197656 0 0)
(0.0028197656 0 0)
(0.0028197656 0 0)
(0.0028197656 0 0)
(0.0028197656 0 0)
(0.0028197656 0 0)
(0.0028197656 0 0)
(0.0028197656 0 0)
(0.0028197656 0 0)
(0.0028197656 0 0)
(0.0028197656 0 0)
(0.0028197656 0 0)
(0.0028197656 0 0)
(0.0083528906 0 0)
(0.0083528906 0 0)
(0.0083528906 0 0)
(0.0083528906 0 0)
(0.0083528906 0 0)
(0.0083528906 0 0)
(0.0083528906 0 0)
(0.0083528906 0 0)
(0.0083528906 0 0)
(0.0083528906 0 0)
(0.0083528906 0 0)
(0.0083528906 0 0)
(0.0083528906 0 0)
(0.0083528906 0 0)
(0.0083528906 0 0)
(0.0083528906 0 0)
(0.0083528906 0 0)
(0.0083528906 0 0)
(0.0083528906 0 0)
(0.0083528906 0 0)
(0.0083528906 0 0)
(0.0083528906 0 0)
(0.0083528906 0 0)
(0.0083528906 0 0)
(0.0083528906 0 0)
(0.0083528906 0 0)
(0.0083528906 0 0)
(0.0083528906 0 0)
(0.0083528906 0 0)
(0.0083528906 0 0)
(0.0083528906 0 0)
(0.0083528906 0 0)
(0.0083528906 0 0)
(0.0083528906 0 0)
(0.0083528906 0 0)
(0.0083528906 0 0)
(0.0083528906 0 0)
(0.0083528906 0 0)
(0.0083528906 0 0)
(0.0083528906 0 0)
(0.013744141 0 0)
(0.013744141 0 0)
(0.013744141 0 0)
(0.013744141 0 0)
(0.013744141 0 0)
(0.013744141 0 0)
(0.013744141 0 0)
(0.013744141 0 0)
(0.013744141 0 0)
(0.013744141 0 0)
(0.013744141 0 0)
(0.013744141 0 0)
(0.013744141 0 0)
(0.013744141 0 0)
(0.013744141 0 0)
(0.013744141 0 0)
(0.013744141 0 0)
(0.013744141 0 0)
(0.013744141 0 0)
(0.013744141 0 0)
(0.013744141 0 0)
(0.013744141 0 0)
(0.013744141 0 0)
(0.013744141 0 0)
(0.013744141 0 0)
(0.013744141 0 0)
(0.013744141 0 0)
(0.013744141 0 0)
(0.013744141 0 0)
(0.013744141 0 0)
(0.013744141 0 0)
(0.013744141 0 0)
(0.013744141 0 0)
(0.013744141 0 0)
(0.013744141 0 0)
(0.013744141 0 0)
(0.013744141 0 0)
(0.013744141 0 0)
(0.013744141 0 0)
(0.013744141 0 0)
(0.018993516 0 0)
(0.018993516 0 0)
(0.018993516 0 0)
(0.018993516 0 0)
(0.018993516 0 0)
(0.018993516 0 0)
(0.018993516 0 0)
(0.018993516 0 0)
(0.018993516 0 0)
(0.018993516 0 0)
(0.018993516 0 0)
(0.018993516 0 0)
(0.018993516 0 0)
(0.018993516 0 0)
(0.018993516 0 0)
(0.018993516 0 0)
(0.018993516 0 0)
(0.018993516 0 0)
(0.018993516 0 0)
(0.018993516 0 0)
(0.018993516 0 0)
(0.018993516 0 0)
(0.018993516 0 0)
(0.018993516 0 0)
(0.018993516 0 0)
(0.018993516 0 0)
(0.018993516 0 0)
(0.018993516 0 0)
(0.018993516 0 0)
(0.018993516 0 0)
(0.018993516 0 0)
(0.018993516 0 0)
(0.018993516 0 0)
(0.018993516 0 0)
(0.018993516 0 0)
(0.018993516 0 0)
(0.018993516 0 0)
(0.018993516 0 0)
(0.018993516 0 0)
(0.018993516 0 0)
(0.024101016 0 0)
(0.024101016 0 0)
(0.024101016 0 0)
(0.024101016 0 0)
(0.024101016 0 0)
(0.024101016 0 0)
(0.024101016 0 0)
(0.024101016 0 0)
(0.024101016 0 0)
(0.024101016 0 0)
(0.024101016 0 0)
(0.024101016 0 0)
(0.024101016 0 0)
(0.024101016 0 0)
(0.024101016 0 0)
(0.024101016 0 0)
(0.024101016 0 0)
(0.024101016 0 0)
(0.024101016 0 0)
(0.024101016 0 0)
(0.024101016 0 0)
(0.024101016 0 0)
(0.024101016 0 0)
(0.024101016 0 0)
(0.024101016 0 0)
(0.024101016 0 0)
(0.024101016 0 0)
(0.024101016 0 0)
(0.024101016 0 0)
(0.024101016 0 0)
(0.024101016 0 0)
(0.024101016 0 0)
(0.024101016 0 0)
(0.024101016 0 0)
(0.024101016 0 0)
(0.024101016 0 0)
(0.024101016 0 0)
(0.024101016 0 0)
(0.024101016 0 0)
(0.024101016 0 0)
(0.029066641 0 0)
(0.029066641 0 0)
(0.029066641 0 0)
(0.029066641 0 0)
(0.029066641 0 0)
(0.029066641 0 0)
(0.029066641 0 0)
(0.029066641 0 0)
(0.029066641 0 0)
(0.029066641 0 0)
(0.029066641 0 0)
(0.029066641 0 0)
(0.029066641 0 0)
(0.029066641 0 0)
(0.029066641 0 0)
(0.029066641 0 0)
(0.029066641 0 0)
(0.029066641 0 0)
(0.029066641 0 0)
(0.029066641 0 0)
(0.029066641 0 0)
(0.029066641 0 0)
(0.029066641 0 0)
(0.029066641 0 0)
(0.029066641 0 0)
(0.029066641 0 0)
(0.029066641 0 0)
(0.029066641 0 0)
(0.029066641 0 0)
(0.029066641 0 0)
(0.029066641 0 0)
(0.029066641 0 0)
(0.029066641 0 0)
(0.029066641 0 0)
(0.029066641 0 0)
(0.029066641 0 0)
(0.029066641 0 0)
(0.029066641 0 0)
(0.029066641 0 0)
(0.029066641 0 0)
(0.033890391 0 0)
(0.033890391 0 0)
(0.033890391 0 0)
(0.033890391 0 0)
(0.033890391 0 0)
(0.033890391 0 0)
(0.033890391 0 0)
(0.033890391 0 0)
(0.033890391 0 0)
(0.033890391 0 0)
(0.033890391 0 0)
(0.033890391 0 0)
(0.033890391 0 0)
(0.033890391 0 0)
(0.033890391 0 0)
(0.033890391 0 0)
(0.033890391 0 0)
(0.033890391 0 0)
(0.033890391 0 0)
(0.033890391 0 0)
(0.033890391 0 0)
(0.033890391 0 0)
(0.033890391 0 0)
(0.033890391 0 0)
(0.033890391 0 0)
(0.033890391 0 0)
(0.033890391 0 0)
(0.033890391 0 0)
(0.033890391 0 0)
(0.033890391 0 0)
(0.033890391 0 0)
(0.033890391 0 0)
(0.033890391 0 0)
(0.033890391 0 0)
(0.033890391 0 0)
(0.033890391 0 0)
(0.033890391 0 0)
(0.033890391 0 0)
(0.033890391 0 0)
(0.033890391 0 0)
(0.038572266 0 0)
(0.038572266 0 0)
(0.038572266 0 0)
(0.038572266 0 0)
(0.038572266 0 0)
(0.038572266 0 0)
(0.038572266 0 0)
(0.038572266 0 0)
(0.038572266 0 0)
(0.038572266 0 0)
(0.038572266 0 0)
(0.038572266 0 0)
(0.038572266 0 0)
(0.038572266 0 0)
(0.038572266 0 0)
(0.038572266 0 0)
(0.038572266 0 0)
(0.038572266 0 0)
(0.038572266 0 0)
(0.038572266 0 0)
(0.038572266 0 0)
(0.038572266 0 0)
(0.038572266 0 0)
(0.038572266 0 0)
(0.038572266 0 0)
(0.038572266 0 0)
(0.038572266 0 0)
(0.038572266 0 0)
(0.038572266 0 0)
(0.038572266 0 0)
(0.038572266 0 0)
(0.038572266 0 0)
(0.038572266 0 0)
(0.038572266 0 0)
(0.038572266 0 0)
(0.038572266 0 0)
(0.038572266 0 0)
(0.038572266 0 0)
(0.038572266 0 0)
(0.038572266 0 0)
(0.043112266 0 0)
(0.043112266 0 0)
(0.043112266 0 0)
(0.043112266 0 0)
(0.043112266 0 0)
(0.043112266 0 0)
(0.043112266 0 0)
(0.043112266 0 0)
(0.043112266 0 0)
(0.043112266 0 0)
(0.043112266 0 0)
(0.043112266 0 0)
(0.043112266 0 0)
(0.043112266 0 0)
(0.043112266 0 0)
(0.043112266 0 0)
(0.043112266 0 0)
(0.043112266 0 0)
(0.043112266 0 0)
(0.043112266 0 0)
(0.043112266 0 0)
(0.043112266 0 0)
(0.043112266 0 0)
(0.043112266 0 0)
(0.043112266 0 0)
(0.043112266 0 0)
(0.043112266 0 0)
(0.043112266 0 0)
(0.043112266 0 0)
(0.043112266 0 0)
(0.043112266 0 0)
(0.043112266 0 0)
(0.043112266 0 0)
(0.043112266 0 0)
(0.043112266 0 0)
(0.043112266 0 0)
(0.043112266 0 0)
(0.043112266 0 0)
(0.043112266 0 0)
(0.043112266 0 0)
(0.047510391 0 0)
(0.047510391 0 0)
(0.047510391 0 0)
(0.047510391 0 0)
(0.047510391 0 0)
(0.047510391 0 0)
(0.047510391 0 0)
(0.047510391 0 0)
(0.047510391 0 0)
(0.047510391 0 0)
(0.047510391 0 0)
(0.047510391 0 0)
(0.047510391 0 0)
(0.047510391 0 0)
(0.047510391 0 0)
(0.047510391 0 0)
(0.047510391 0 0)
(0.047510391 0 0)
(0.047510391 0 0)
(0.047510391 0 0)
(0.047510391 0 0)
(0.047510391 0 0)
(0.047510391 0 0)
(0.047510391 0 0)
(0.047510391 0 0)
(0.047510391 0 0)
(0.047510391 0 0)
(0.047510391 0 0)
(0.047510391 0 0)
(0.047510391 0 0)
(0.047510391 0 0)
(0.047510391 0 0)
(0.047510391 0 0)
(0.047510391 0 0)
(0.047510391 0 0)
(0.047510391 0 0)
(0.047510391 0 0)
(0.047510391 0 0)
(0.047510391 0 0)
(0.047510391 0 0)
(0.051766641 0 0)
(0.051766641 0 0)
(0.051766641 0 0)
(0.051766641 0 0)
(0.051766641 0 0)
(0.051766641 0 0)
(0.051766641 0 0)
(0.051766641 0 0)
(0.051766641 0 0)
(0.051766641 0 0)
(0.051766641 0 0)
(0.051766641 0 0)
(0.051766641 0 0)
(0.051766641 0 0)
(0.051766641 0 0)
(0.051766641 0 0)
(0.051766641 0 0)
(0.051766641 0 0)
(0.051766641 0 0)
(0.051766641 0 0)
(0.051766641 0 0)
(0.051766641 0 0)
(0.051766641 0 0)
(0.051766641 0 0)
(0.051766641 0 0)
(0.051766641 0 0)
(0.051766641 0 0)
(0.051766641 0 0)
(0.051766641 0 0)
(0.051766641 0 0)
(0.051766641 0 0)
(0.051766641 0 0)
(0.051766641 0 0)
(0.051766641 0 0)
(0.051766641 0 0)
(0.051766641 0 0)
(0.051766641 0 0)
(0.051766641 0 0)
(0.051766641 0 0)
(0.051766641 0 0)
(0.055881016 0 0)
(0.055881016 0 0)
(0.055881016 0 0)
(0.055881016 0 0)
(0.055881016 0 0)
(0.055881016 0 0)
(0.055881016 0 0)
(0.055881016 0 0)
(0.055881016 0 0)
(0.055881016 0 0)
(0.055881016 0 0)
(0.055881016 0 0)
(0.055881016 0 0)
(0.055881016 0 0)
(0.055881016 0 0)
(0.055881016 0 0)
(0.055881016 0 0)
(0.055881016 0 0)
(0.055881016 0 0)
(0.055881016 0 0)
(0.055881016 0 0)
(0.055881016 0 0)
(0.055881016 0 0)
(0.055881016 0 0)
(0.055881016 0 0)
(0.055881016 0 0)
(0.055881016 0 0)
(0.055881016 0 0)
(0.055881016 0 0)
(0.055881016 0 0)
(0.055881016 0 0)
(0.055881016 0 0)
(0.055881016 0 0)
(0.055881016 0 0)
(0.055881016 0 0)
(0.055881016 0 0)
(0.055881016 0 0)
(0.055881016 0 0)
(0.055881016 0 0)
(0.055881016 0 0)
(0.059853516 0 0)
(0.059853516 0 0)
(0.059853516 0 0)
(0.059853516 0 0)
(0.059853516 0 0)
(0.059853516 0 0)
(0.059853516 0 0)
(0.059853516 0 0)
(0.059853516 0 0)
(0.059853516 0 0)
(0.059853516 0 0)
(0.059853516 0 0)
(0.059853516 0 0)
(0.059853516 0 0)
(0.059853516 0 0)
(0.059853516 0 0)
(0.059853516 0 0)
(0.059853516 0 0)
(0.059853516 0 0)
(0.059853516 0 0)
(0.059853516 0 0)
(0.059853516 0 0)
(0.059853516 0 0)
(0.059853516 0 0)
(0.059853516 0 0)
(0.059853516 0 0)
(0.059853516 0 0)
(0.059853516 0 0)
(0.059853516 0 0)
(0.059853516 0 0)
(0.059853516 0 0)
(0.059853516 0 0)
(0.059853516 0 0)
(0.059853516 0 0)
(0.059853516 0 0)
(0.059853516 0 0)
(0.059853516 0 0)
(0.059853516 0 0)
(0.059853516 0 0)
(0.059853516 0 0)
(0.063684141 0 0)
(0.063684141 0 0)
(0.063684141 0 0)
(0.063684141 0 0)
(0.063684141 0 0)
(0.063684141 0 0)
(0.063684141 0 0)
(0.063684141 0 0)
(0.063684141 0 0)
(0.063684141 0 0)
(0.063684141 0 0)
(0.063684141 0 0)
(0.063684141 0 0)
(0.063684141 0 0)
(0.063684141 0 0)
(0.063684141 0 0)
(0.063684141 0 0)
(0.063684141 0 0)
(0.063684141 0 0)
(0.063684141 0 0)
(0.063684141 0 0)
(0.063684141 0 0)
(0.063684141 0 0)
(0.063684141 0 0)
(0.063684141 0 0)
(0.063684141 0 0)
(0.063684141 0 0)
(0.063684141 0 0)
(0.063684141 0 0)
(0.063684141 0 0)
(0.063684141 0 0)
(0.063684141 0 0)
(0.063684141 0 0)
(0.063684141 0 0)
(0.063684141 0 0)
(0.063684141 0 0)
(0.063684141 0 0)
(0.063684141 0 0)
(0.063684141 0 0)
(0.063684141 0 0)
(0.067372891 0 0)
(0.067372891 0 0)
(0.067372891 0 0)
(0.067372891 0 0)
(0.067372891 0 0)
(0.067372891 0 0)
(0.067372891 0 0)
(0.067372891 0 0)
(0.067372891 0 0)
(0.067372891 0 0)
(0.067372891 0 0)
(0.067372891 0 0)
(0.067372891 0 0)
(0.067372891 0 0)
(0.067372891 0 0)
(0.067372891 0 0)
(0.067372891 0 0)
(0.067372891 0 0)
(0.067372891 0 0)
(0.067372891 0 0)
(0.067372891 0 0)
(0.067372891 0 0)
(0.067372891 0 0)
(0.067372891 0 0)
(0.067372891 0 0)
(0.067372891 0 0)
(0.067372891 0 0)
(0.067372891 0 0)
(0.067372891 0 0)
(0.067372891 0 0)
(0.067372891 0 0)
(0.067372891 0 0)
(0.067372891 0 0)
(0.067372891 0 0)
(0.067372891 0 0)
(0.067372891 0 0)
(0.067372891 0 0)
(0.067372891 0 0)
(0.067372891 0 0)
(0.067372891 0 0)
(0.070919766 0 0)
(0.070919766 0 0)
(0.070919766 0 0)
(0.070919766 0 0)
(0.070919766 0 0)
(0.070919766 0 0)
(0.070919766 0 0)
(0.070919766 0 0)
(0.070919766 0 0)
(0.070919766 0 0)
(0.070919766 0 0)
(0.070919766 0 0)
(0.070919766 0 0)
(0.070919766 0 0)
(0.070919766 0 0)
(0.070919766 0 0)
(0.070919766 0 0)
(0.070919766 0 0)
(0.070919766 0 0)
(0.070919766 0 0)
(0.070919766 0 0)
(0.070919766 0 0)
(0.070919766 0 0)
(0.070919766 0 0)
(0.070919766 0 0)
(0.070919766 0 0)
(0.070919766 0 0)
(0.070919766 0 0)
(0.070919766 0 0)
(0.070919766 0 0)
(0.070919766 0 0)
(0.070919766 0 0)
(0.070919766 0 0)
(0.070919766 0 0)
(0.070919766 0 0)
(0.070919766 0 0)
(0.070919766 0 0)
(0.070919766 0 0)
(0.070919766 0 0)
(0.070919766 0 0)
(0.074324766 0 0)
(0.074324766 0 0)
(0.074324766 0 0)
(0.074324766 0 0)
(0.074324766 0 0)
(0.074324766 0 0)
(0.074324766 0 0)
(0.074324766 0 0)
(0.074324766 0 0)
(0.074324766 0 0)
(0.074324766 0 0)
(0.074324766 0 0)
(0.074324766 0 0)
(0.074324766 0 0)
(0.074324766 0 0)
(0.074324766 0 0)
(0.074324766 0 0)
(0.074324766 0 0)
(0.074324766 0 0)
(0.074324766 0 0)
(0.074324766 0 0)
(0.074324766 0 0)
(0.074324766 0 0)
(0.074324766 0 0)
(0.074324766 0 0)
(0.074324766 0 0)
(0.074324766 0 0)
(0.074324766 0 0)
(0.074324766 0 0)
(0.074324766 0 0)
(0.074324766 0 0)
(0.074324766 0 0)
(0.074324766 0 0)
(0.074324766 0 0)
(0.074324766 0 0)
(0.074324766 0 0)
(0.074324766 0 0)
(0.074324766 0 0)
(0.074324766 0 0)
(0.074324766 0 0)
(0.077587891 0 0)
(0.077587891 0 0)
(0.077587891 0 0)
(0.077587891 0 0)
(0.077587891 0 0)
(0.077587891 0 0)
(0.077587891 0 0)
(0.077587891 0 0)
(0.077587891 0 0)
(0.077587891 0 0)
(0.077587891 0 0)
(0.077587891 0 0)
(0.077587891 0 0)
(0.077587891 0 0)
(0.077587891 0 0)
(0.077587891 0 0)
(0.077587891 0 0)
(0.077587891 0 0)
(0.077587891 0 0)
(0.077587891 0 0)
(0.077587891 0 0)
(0.077587891 0 0)
(0.077587891 0 0)
(0.077587891 0 0)
(0.077587891 0 0)
(0.077587891 0 0)
(0.077587891 0 0)
(0.077587891 0 0)
(0.077587891 0 0)
(0.077587891 0 0)
(0.077587891 0 0)
(0.077587891 0 0)
(0.077587891 0 0)
(0.077587891 0 0)
(0.077587891 0 0)
(0.077587891 0 0)
(0.077587891 0 0)
(0.077587891 0 0)
(0.077587891 0 0)
(0.077587891 0 0)
(0.080709141 0 0)
(0.080709141 0 0)
(0.080709141 0 0)
(0.080709141 0 0)
(0.080709141 0 0)
(0.080709141 0 0)
(0.080709141 0 0)
(0.080709141 0 0)
(0.080709141 0 0)
(0.080709141 0 0)
(0.080709141 0 0)
(0.080709141 0 0)
(0.080709141 0 0)
(0.080709141 0 0)
(0.080709141 0 0)
(0.080709141 0 0)
(0.080709141 0 0)
(0.080709141 0 0)
(0.080709141 0 0)
(0.080709141 0 0)
(0.080709141 0 0)
(0.080709141 0 0)
(0.080709141 0 0)
(0.080709141 0 0)
(0.080709141 0 0)
(0.080709141 0 0)
(0.080709141 0 0)
(0.080709141 0 0)
(0.080709141 0 0)
(0.080709141 0 0)
(0.080709141 0 0)
(0.080709141 0 0)
(0.080709141 0 0)
(0.080709141 0 0)
(0.080709141 0 0)
(0.080709141 0 0)
(0.080709141 0 0)
(0.080709141 0 0)
(0.080709141 0 0)
(0.080709141 0 0)
(0.083688516 0 0)
(0.083688516 0 0)
(0.083688516 0 0)
(0.083688516 0 0)
(0.083688516 0 0)
(0.083688516 0 0)
(0.083688516 0 0)
(0.083688516 0 0)
(0.083688516 0 0)
(0.083688516 0 0)
(0.083688516 0 0)
(0.083688516 0 0)
(0.083688516 0 0)
(0.083688516 0 0)
(0.083688516 0 0)
(0.083688516 0 0)
(0.083688516 0 0)
(0.083688516 0 0)
(0.083688516 0 0)
(0.083688516 0 0)
(0.083688516 0 0)
(0.083688516 0 0)
(0.083688516 0 0)
(0.083688516 0 0)
(0.083688516 0 0)
(0.083688516 0 0)
(0.083688516 0 0)
(0.083688516 0 0)
(0.083688516 0 0)
(0.083688516 0 0)
(0.083688516 0 0)
(0.083688516 0 0)
(0.083688516 0 0)
(0.083688516 0 0)
(0.083688516 0 0)
(0.083688516 0 0)
(0.083688516 0 0)
(0.083688516 0 0)
(0.083688516 0 0)
(0.083688516 0 0)
(0.086526016 0 0)
(0.086526016 0 0)
(0.086526016 0 0)
(0.086526016 0 0)
(0.086526016 0 0)
(0.086526016 0 0)
(0.086526016 0 0)
(0.086526016 0 0)
(0.086526016 0 0)
(0.086526016 0 0)
(0.086526016 0 0)
(0.086526016 0 0)
(0.086526016 0 0)
(0.086526016 0 0)
(0.086526016 0 0)
(0.086526016 0 0)
(0.086526016 0 0)
(0.086526016 0 0)
(0.086526016 0 0)
(0.086526016 0 0)
(0.086526016 0 0)
(0.086526016 0 0)
(0.086526016 0 0)
(0.086526016 0 0)
(0.086526016 0 0)
(0.086526016 0 0)
(0.086526016 0 0)
(0.086526016 0 0)
(0.086526016 0 0)
(0.086526016 0 0)
(0.086526016 0 0)
(0.086526016 0 0)
(0.086526016 0 0)
(0.086526016 0 0)
(0.086526016 0 0)
(0.086526016 0 0)
(0.086526016 0 0)
(0.086526016 0 0)
(0.086526016 0 0)
(0.086526016 0 0)
(0.089221641 0 0)
(0.089221641 0 0)
(0.089221641 0 0)
(0.089221641 0 0)
(0.089221641 0 0)
(0.089221641 0 0)
(0.089221641 0 0)
(0.089221641 0 0)
(0.089221641 0 0)
(0.089221641 0 0)
(0.089221641 0 0)
(0.089221641 0 0)
(0.089221641 0 0)
(0.089221641 0 0)
(0.089221641 0 0)
(0.089221641 0 0)
(0.089221641 0 0)
(0.089221641 0 0)
(0.089221641 0 0)
(0.089221641 0 0)
(0.089221641 0 0)
(0.089221641 0 0)
(0.089221641 0 0)
(0.089221641 0 0)
(0.089221641 0 0)
(0.089221641 0 0)
(0.089221641 0 0)
(0.089221641 0 0)
(0.089221641 0 0)
(0.089221641 0 0)
(0.089221641 0 0)
(0.089221641 0 0)
(0.089221641 0 0)
(0.089221641 0 0)
(0.089221641 0 0)
(0.089221641 0 0)
(0.089221641 0 0)
(0.089221641 0 0)
(0.089221641 0 0)
(0.089221641 0 0)
(0.091775391 0 0)
(0.091775391 0 0)
(0.091775391 0 0)
(0.091775391 0 0)
(0.091775391 0 0)
(0.091775391 0 0)
(0.091775391 0 0)
(0.091775391 0 0)
(0.091775391 0 0)
(0.091775391 0 0)
(0.091775391 0 0)
(0.091775391 0 0)
(0.091775391 0 0)
(0.091775391 0 0)
(0.091775391 0 0)
(0.091775391 0 0)
(0.091775391 0 0)
(0.091775391 0 0)
(0.091775391 0 0)
(0.091775391 0 0)
(0.091775391 0 0)
(0.091775391 0 0)
(0.091775391 0 0)
(0.091775391 0 0)
(0.091775391 0 0)
(0.091775391 0 0)
(0.091775391 0 0)
(0.091775391 0 0)
(0.091775391 0 0)
(0.091775391 0 0)
(0.091775391 0 0)
(0.091775391 0 0)
(0.091775391 0 0)
(0.091775391 0 0)
(0.091775391 0 0)
(0.091775391 0 0)
(0.091775391 0 0)
(0.091775391 0 0)
(0.091775391 0 0)
(0.091775391 0 0)
(0.094187266 0 0)
(0.094187266 0 0)
(0.094187266 0 0)
(0.094187266 0 0)
(0.094187266 0 0)
(0.094187266 0 0)
(0.094187266 0 0)
(0.094187266 0 0)
(0.094187266 0 0)
(0.094187266 0 0)
(0.094187266 0 0)
(0.094187266 0 0)
(0.094187266 0 0)
(0.094187266 0 0)
(0.094187266 0 0)
(0.094187266 0 0)
(0.094187266 0 0)
(0.094187266 0 0)
(0.094187266 0 0)
(0.094187266 0 0)
(0.094187266 0 0)
(0.094187266 0 0)
(0.094187266 0 0)
(0.094187266 0 0)
(0.094187266 0 0)
(0.094187266 0 0)
(0.094187266 0 0)
(0.094187266 0 0)
(0.094187266 0 0)
(0.094187266 0 0)
(0.094187266 0 0)
(0.094187266 0 0)
(0.094187266 0 0)
(0.094187266 0 0)
(0.094187266 0 0)
(0.094187266 0 0)
(0.094187266 0 0)
(0.094187266 0 0)
(0.094187266 0 0)
(0.094187266 0 0)
(0.096457266 0 0)
(0.096457266 0 0)
(0.096457266 0 0)
(0.096457266 0 0)
(0.096457266 0 0)
(0.096457266 0 0)
(0.096457266 0 0)
(0.096457266 0 0)
(0.096457266 0 0)
(0.096457266 0 0)
(0.096457266 0 0)
(0.096457266 0 0)
(0.096457266 0 0)
(0.096457266 0 0)
(0.096457266 0 0)
(0.096457266 0 0)
(0.096457266 0 0)
(0.096457266 0 0)
(0.096457266 0 0)
(0.096457266 0 0)
(0.096457266 0 0)
(0.096457266 0 0)
(0.096457266 0 0)
(0.096457266 0 0)
(0.096457266 0 0)
(0.096457266 0 0)
(0.096457266 0 0)
(0.096457266 0 0)
(0.096457266 0 0)
(0.096457266 0 0)
(0.096457266 0 0)
(0.096457266 0 0)
(0.096457266 0 0)
(0.096457266 0 0)
(0.096457266 0 0)
(0.096457266 0 0)
(0.096457266 0 0)
(0.096457266 0 0)
(0.096457266 0 0)
(0.096457266 0 0)
(0.098585391 0 0)
(0.098585391 0 0)
(0.098585391 0 0)
(0.098585391 0 0)
(0.098585391 0 0)
(0.098585391 0 0)
(0.098585391 0 0)
(0.098585391 0 0)
(0.098585391 0 0)
(0.098585391 0 0)
(0.098585391 0 0)
(0.098585391 0 0)
(0.098585391 0 0)
(0.098585391 0 0)
(0.098585391 0 0)
(0.098585391 0 0)
(0.098585391 0 0)
(0.098585391 0 0)
(0.098585391 0 0)
(0.098585391 0 0)
(0.098585391 0 0)
(0.098585391 0 0)
(0.098585391 0 0)
(0.098585391 0 0)
(0.098585391 0 0)
(0.098585391 0 0)
(0.098585391 0 0)
(0.098585391 0 0)
(0.098585391 0 0)
(0.098585391 0 0)
(0.098585391 0 0)
(0.098585391 0 0)
(0.098585391 0 0)
(0.098585391 0 0)
(0.098585391 0 0)
(0.098585391 0 0)
(0.098585391 0 0)
(0.098585391 0 0)
(0.098585391 0 0)
(0.098585391 0 0)
(0.10057164 0 0)
(0.10057164 0 0)
(0.10057164 0 0)
(0.10057164 0 0)
(0.10057164 0 0)
(0.10057164 0 0)
(0.10057164 0 0)
(0.10057164 0 0)
(0.10057164 0 0)
(0.10057164 0 0)
(0.10057164 0 0)
(0.10057164 0 0)
(0.10057164 0 0)
(0.10057164 0 0)
(0.10057164 0 0)
(0.10057164 0 0)
(0.10057164 0 0)
(0.10057164 0 0)
(0.10057164 0 0)
(0.10057164 0 0)
(0.10057164 0 0)
(0.10057164 0 0)
(0.10057164 0 0)
(0.10057164 0 0)
(0.10057164 0 0)
(0.10057164 0 0)
(0.10057164 0 0)
(0.10057164 0 0)
(0.10057164 0 0)
(0.10057164 0 0)
(0.10057164 0 0)
(0.10057164 0 0)
(0.10057164 0 0)
(0.10057164 0 0)
(0.10057164 0 0)
(0.10057164 0 0)
(0.10057164 0 0)
(0.10057164 0 0)
(0.10057164 0 0)
(0.10057164 0 0)
(0.10241602 0 0)
(0.10241602 0 0)
(0.10241602 0 0)
(0.10241602 0 0)
(0.10241602 0 0)
(0.10241602 0 0)
(0.10241602 0 0)
(0.10241602 0 0)
(0.10241602 0 0)
(0.10241602 0 0)
(0.10241602 0 0)
(0.10241602 0 0)
(0.10241602 0 0)
(0.10241602 0 0)
(0.10241602 0 0)
(0.10241602 0 0)
(0.10241602 0 0)
(0.10241602 0 0)
(0.10241602 0 0)
(0.10241602 0 0)
(0.10241602 0 0)
(0.10241602 0 0)
(0.10241602 0 0)
(0.10241602 0 0)
(0.10241602 0 0)
(0.10241602 0 0)
(0.10241602 0 0)
(0.10241602 0 0)
(0.10241602 0 0)
(0.10241602 0 0)
(0.10241602 0 0)
(0.10241602 0 0)
(0.10241602 0 0)
(0.10241602 0 0)
(0.10241602 0 0)
(0.10241602 0 0)
(0.10241602 0 0)
(0.10241602 0 0)
(0.10241602 0 0)
(0.10241602 0 0)
(0.10411852 0 0)
(0.10411852 0 0)
(0.10411852 0 0)
(0.10411852 0 0)
(0.10411852 0 0)
(0.10411852 0 0)
(0.10411852 0 0)
(0.10411852 0 0)
(0.10411852 0 0)
(0.10411852 0 0)
(0.10411852 0 0)
(0.10411852 0 0)
(0.10411852 0 0)
(0.10411852 0 0)
(0.10411852 0 0)
(0.10411852 0 0)
(0.10411852 0 0)
(0.10411852 0 0)
(0.10411852 0 0)
(0.10411852 0 0)
(0.10411852 0 0)
(0.10411852 0 0)
(0.10411852 0 0)
(0.10411852 0 0)
(0.10411852 0 0)
(0.10411852 0 0)
(0.10411852 0 0)
(0.10411852 0 0)
(0.10411852 0 0)
(0.10411852 0 0)
(0.10411852 0 0)
(0.10411852 0 0)
(0.10411852 0 0)
(0.10411852 0 0)
(0.10411852 0 0)
(0.10411852 0 0)
(0.10411852 0 0)
(0.10411852 0 0)
(0.10411852 0 0)
(0.10411852 0 0)
(0.10567914 0 0)
(0.10567914 0 0)
(0.10567914 0 0)
(0.10567914 0 0)
(0.10567914 0 0)
(0.10567914 0 0)
(0.10567914 0 0)
(0.10567914 0 0)
(0.10567914 0 0)
(0.10567914 0 0)
(0.10567914 0 0)
(0.10567914 0 0)
(0.10567914 0 0)
(0.10567914 0 0)
(0.10567914 0 0)
(0.10567914 0 0)
(0.10567914 0 0)
(0.10567914 0 0)
(0.10567914 0 0)
(0.10567914 0 0)
(0.10567914 0 0)
(0.10567914 0 0)
(0.10567914 0 0)
(0.10567914 0 0)
(0.10567914 0 0)
(0.10567914 0 0)
(0.10567914 0 0)
(0.10567914 0 0)
(0.10567914 0 0)
(0.10567914 0 0)
(0.10567914 0 0)
(0.10567914 0 0)
(0.10567914 0 0)
(0.10567914 0 0)
(0.10567914 0 0)
(0.10567914 0 0)
(0.10567914 0 0)
(0.10567914 0 0)
(0.10567914 0 0)
(0.10567914 0 0)
(0.10709789 0 0)
(0.10709789 0 0)
(0.10709789 0 0)
(0.10709789 0 0)
(0.10709789 0 0)
(0.10709789 0 0)
(0.10709789 0 0)
(0.10709789 0 0)
(0.10709789 0 0)
(0.10709789 0 0)
(0.10709789 0 0)
(0.10709789 0 0)
(0.10709789 0 0)
(0.10709789 0 0)
(0.10709789 0 0)
(0.10709789 0 0)
(0.10709789 0 0)
(0.10709789 0 0)
(0.10709789 0 0)
(0.10709789 0 0)
(0.10709789 0 0)
(0.10709789 0 0)
(0.10709789 0 0)
(0.10709789 0 0)
(0.10709789 0 0)
(0.10709789 0 0)
(0.10709789 0 0)
(0.10709789 0 0)
(0.10709789 0 0)
(0.10709789 0 0)
(0.10709789 0 0)
(0.10709789 0 0)
(0.10709789 0 0)
(0.10709789 0 0)
(0.10709789 0 0)
(0.10709789 0 0)
(0.10709789 0 0)
(0.10709789 0 0)
(0.10709789 0 0)
(0.10709789 0 0)
(0.10837477 0 0)
(0.10837477 0 0)
(0.10837477 0 0)
(0.10837477 0 0)
(0.10837477 0 0)
(0.10837477 0 0)
(0.10837477 0 0)
(0.10837477 0 0)
(0.10837477 0 0)
(0.10837477 0 0)
(0.10837477 0 0)
(0.10837477 0 0)
(0.10837477 0 0)
(0.10837477 0 0)
(0.10837477 0 0)
(0.10837477 0 0)
(0.10837477 0 0)
(0.10837477 0 0)
(0.10837477 0 0)
(0.10837477 0 0)
(0.10837477 0 0)
(0.10837477 0 0)
(0.10837477 0 0)
(0.10837477 0 0)
(0.10837477 0 0)
(0.10837477 0 0)
(0.10837477 0 0)
(0.10837477 0 0)
(0.10837477 0 0)
(0.10837477 0 0)
(0.10837477 0 0)
(0.10837477 0 0)
(0.10837477 0 0)
(0.10837477 0 0)
(0.10837477 0 0)
(0.10837477 0 0)
(0.10837477 0 0)
(0.10837477 0 0)
(0.10837477 0 0)
(0.10837477 0 0)
(0.10950977 0 0)
(0.10950977 0 0)
(0.10950977 0 0)
(0.10950977 0 0)
(0.10950977 0 0)
(0.10950977 0 0)
(0.10950977 0 0)
(0.10950977 0 0)
(0.10950977 0 0)
(0.10950977 0 0)
(0.10950977 0 0)
(0.10950977 0 0)
(0.10950977 0 0)
(0.10950977 0 0)
(0.10950977 0 0)
(0.10950977 0 0)
(0.10950977 0 0)
(0.10950977 0 0)
(0.10950977 0 0)
(0.10950977 0 0)
(0.10950977 0 0)
(0.10950977 0 0)
(0.10950977 0 0)
(0.10950977 0 0)
(0.10950977 0 0)
(0.10950977 0 0)
(0.10950977 0 0)
(0.10950977 0 0)
(0.10950977 0 0)
(0.10950977 0 0)
(0.10950977 0 0)
(0.10950977 0 0)
(0.10950977 0 0)
(0.10950977 0 0)
(0.10950977 0 0)
(0.10950977 0 0)
(0.10950977 0 0)
(0.10950977 0 0)
(0.10950977 0 0)
(0.10950977 0 0)
(0.11050289 0 0)
(0.11050289 0 0)
(0.11050289 0 0)
(0.11050289 0 0)
(0.11050289 0 0)
(0.11050289 0 0)
(0.11050289 0 0)
(0.11050289 0 0)
(0.11050289 0 0)
(0.11050289 0 0)
(0.11050289 0 0)
(0.11050289 0 0)
(0.11050289 0 0)
(0.11050289 0 0)
(0.11050289 0 0)
(0.11050289 0 0)
(0.11050289 0 0)
(0.11050289 0 0)
(0.11050289 0 0)
(0.11050289 0 0)
(0.11050289 0 0)
(0.11050289 0 0)
(0.11050289 0 0)
(0.11050289 0 0)
(0.11050289 0 0)
(0.11050289 0 0)
(0.11050289 0 0)
(0.11050289 0 0)
(0.11050289 0 0)
(0.11050289 0 0)
(0.11050289 0 0)
(0.11050289 0 0)
(0.11050289 0 0)
(0.11050289 0 0)
(0.11050289 0 0)
(0.11050289 0 0)
(0.11050289 0 0)
(0.11050289 0 0)
(0.11050289 0 0)
(0.11050289 0 0)
(0.11135414 0 0)
(0.11135414 0 0)
(0.11135414 0 0)
(0.11135414 0 0)
(0.11135414 0 0)
(0.11135414 0 0)
(0.11135414 0 0)
(0.11135414 0 0)
(0.11135414 0 0)
(0.11135414 0 0)
(0.11135414 0 0)
(0.11135414 0 0)
(0.11135414 0 0)
(0.11135414 0 0)
(0.11135414 0 0)
(0.11135414 0 0)
(0.11135414 0 0)
(0.11135414 0 0)
(0.11135414 0 0)
(0.11135414 0 0)
(0.11135414 0 0)
(0.11135414 0 0)
(0.11135414 0 0)
(0.11135414 0 0)
(0.11135414 0 0)
(0.11135414 0 0)
(0.11135414 0 0)
(0.11135414 0 0)
(0.11135414 0 0)
(0.11135414 0 0)
(0.11135414 0 0)
(0.11135414 0 0)
(0.11135414 0 0)
(0.11135414 0 0)
(0.11135414 0 0)
(0.11135414 0 0)
(0.11135414 0 0)
(0.11135414 0 0)
(0.11135414 0 0)
(0.11135414 0 0)
(0.11206352 0 0)
(0.11206352 0 0)
(0.11206352 0 0)
(0.11206352 0 0)
(0.11206352 0 0)
(0.11206352 0 0)
(0.11206352 0 0)
(0.11206352 0 0)
(0.11206352 0 0)
(0.11206352 0 0)
(0.11206352 0 0)
(0.11206352 0 0)
(0.11206352 0 0)
(0.11206352 0 0)
(0.11206352 0 0)
(0.11206352 0 0)
(0.11206352 0 0)
(0.11206352 0 0)
(0.11206352 0 0)
(0.11206352 0 0)
(0.11206352 0 0)
(0.11206352 0 0)
(0.11206352 0 0)
(0.11206352 0 0)
(0.11206352 0 0)
(0.11206352 0 0)
(0.11206352 0 0)
(0.11206352 0 0)
(0.11206352 0 0)
(0.11206352 0 0)
(0.11206352 0 0)
(0.11206352 0 0)
(0.11206352 0 0)
(0.11206352 0 0)
(0.11206352 0 0)
(0.11206352 0 0)
(0.11206352 0 0)
(0.11206352 0 0)
(0.11206352 0 0)
(0.11206352 0 0)
(0.11263102 0 0)
(0.11263102 0 0)
(0.11263102 0 0)
(0.11263102 0 0)
(0.11263102 0 0)
(0.11263102 0 0)
(0.11263102 0 0)
(0.11263102 0 0)
(0.11263102 0 0)
(0.11263102 0 0)
(0.11263102 0 0)
(0.11263102 0 0)
(0.11263102 0 0)
(0.11263102 0 0)
(0.11263102 0 0)
(0.11263102 0 0)
(0.11263102 0 0)
(0.11263102 0 0)
(0.11263102 0 0)
(0.11263102 0 0)
(0.11263102 0 0)
(0.11263102 0 0)
(0.11263102 0 0)
(0.11263102 0 0)
(0.11263102 0 0)
(0.11263102 0 0)
(0.11263102 0 0)
(0.11263102 0 0)
(0.11263102 0 0)
(0.11263102 0 0)
(0.11263102 0 0)
(0.11263102 0 0)
(0.11263102 0 0)
(0.11263102 0 0)
(0.11263102 0 0)
(0.11263102 0 0)
(0.11263102 0 0)
(0.11263102 0 0)
(0.11263102 0 0)
(0.11263102 0 0)
(0.11305664 0 0)
(0.11305664 0 0)
(0.11305664 0 0)
(0.11305664 0 0)
(0.11305664 0 0)
(0.11305664 0 0)
(0.11305664 0 0)
(0.11305664 0 0)
(0.11305664 0 0)
(0.11305664 0 0)
(0.11305664 0 0)
(0.11305664 0 0)
(0.11305664 0 0)
(0.11305664 0 0)
(0.11305664 0 0)
(0.11305664 0 0)
(0.11305664 0 0)
(0.11305664 0 0)
(0.11305664 0 0)
(0.11305664 0 0)
(0.11305664 0 0)
(0.11305664 0 0)
(0.11305664 0 0)
(0.11305664 0 0)
(0.11305664 0 0)
(0.11305664 0 0)
(0.11305664 0 0)
(0.11305664 0 0)
(0.11305664 0 0)
(0.11305664 0 0)
(0.11305664 0 0)
(0.11305664 0 0)
(0.11305664 0 0)
(0.11305664 0 0)
(0.11305664 0 0)
(0.11305664 0 0)
(0.11305664 0 0)
(0.11305664 0 0)
(0.11305664 0 0)
(0.11305664 0 0)
(0.11334039 0 0)
(0.11334039 0 0)
(0.11334039 0 0)
(0.11334039 0 0)
(0.11334039 0 0)
(0.11334039 0 0)
(0.11334039 0 0)
(0.11334039 0 0)
(0.11334039 0 0)
(0.11334039 0 0)
(0.11334039 0 0)
(0.11334039 0 0)
(0.11334039 0 0)
(0.11334039 0 0)
(0.11334039 0 0)
(0.11334039 0 0)
(0.11334039 0 0)
(0.11334039 0 0)
(0.11334039 0 0)
(0.11334039 0 0)
(0.11334039 0 0)
(0.11334039 0 0)
(0.11334039 0 0)
(0.11334039 0 0)
(0.11334039 0 0)
(0.11334039 0 0)
(0.11334039 0 0)
(0.11334039 0 0)
(0.11334039 0 0)
(0.11334039 0 0)
(0.11334039 0 0)
(0.11334039 0 0)
(0.11334039 0 0)
(0.11334039 0 0)
(0.11334039 0 0)
(0.11334039 0 0)
(0.11334039 0 0)
(0.11334039 0 0)
(0.11334039 0 0)
(0.11334039 0 0)
(0.11348227 0 0)
(0.11348227 0 0)
(0.11348227 0 0)
(0.11348227 0 0)
(0.11348227 0 0)
(0.11348227 0 0)
(0.11348227 0 0)
(0.11348227 0 0)
(0.11348227 0 0)
(0.11348227 0 0)
(0.11348227 0 0)
(0.11348227 0 0)
(0.11348227 0 0)
(0.11348227 0 0)
(0.11348227 0 0)
(0.11348227 0 0)
(0.11348227 0 0)
(0.11348227 0 0)
(0.11348227 0 0)
(0.11348227 0 0)
(0.11348227 0 0)
(0.11348227 0 0)
(0.11348227 0 0)
(0.11348227 0 0)
(0.11348227 0 0)
(0.11348227 0 0)
(0.11348227 0 0)
(0.11348227 0 0)
(0.11348227 0 0)
(0.11348227 0 0)
(0.11348227 0 0)
(0.11348227 0 0)
(0.11348227 0 0)
(0.11348227 0 0)
(0.11348227 0 0)
(0.11348227 0 0)
(0.11348227 0 0)
(0.11348227 0 0)
(0.11348227 0 0)
(0.11348227 0 0)
)
;
    }
    outlet
    {
        type            zeroGradient;
    }
    lowerWall
    {
        type            codedFixedValue;
        value           uniform (0 0 0);
        name            BJSlip;
        codeInclude     #{
		#include "fvCFD.H"
		#include <cmath>
		#include <iostream>
		#include "fieldTypes.H"
		#include "volFields.H"
		#include "surfaceFields.H"
		#include "symmTransformField.H"
		#include "fieldTypes.H"
		//#include "singlePhaseTransportModel.H"
	#};
        code            #{
	
		const fvPatch& boundaryPatch = patch();
		const vectorField& Cf = boundaryPatch.Cf();
		vectorField& field = *this;

		const scalar slipFactor_ = 0.00001;
		const scalar alpha_ = 0; // depth gradient of the cell
		const scalar v_0 = 0; // velocity scale on the permeation direction

		vectorField nHat = this->patch().nf(); 
		vectorField gradient = this->snGrad();
		gradient = transform(I - sqr(nHat), gradient);

		const scalar epsilon = 0.00001; //aspect ratio of the cell
    		vectorField gradientDirection = gradient / (mag(gradient) + SMALL);

	 	vectorField ux = -slipFactor_* mag(gradient)*gradientDirection; // slip velocity at the boundary

		scalar uy = 0;

		forAll(Cf,faceI)
		{
			uy =v_0*4*pow(1+alpha_/epsilon*Cf[faceI].x(), 2) * alpha_/epsilon/(6*slipFactor_ + 2*pow(1+alpha_/epsilon*Cf[faceI].x(), 2));// permeation velocity at the boundary			
		}
		vectorField vw = uy*nHat;
		//Eq. 2-125 Leal's book
		field = ux - vw;
	#};
        codeOptions     #{
		-I$(LIB_SRC)/finiteVolume/lnInclude \
		-I$(LIB_SRC)/meshTools/lnInclude
	#};
        codeLibs        #{
		-lmeshTools \
			-lfiniteVolume
	#};
    }
    upperWall
    {
        type            symmetryPlane;
    }
    frontWall
    {
        type            cyclic;
    }
    backWall
    {
        type            cyclic;
    }
}


// ************************************************************************* //
