/*--------------------------------*- C++ -*----------------------------------*\
  =========                 |
  \\      /  F ield         | OpenFOAM: The Open Source CFD Toolbox
   \\    /   O peration     | Website:  https://openfoam.org
    \\  /    A nd           | Version:  6
     \\/     M anipulation  |
\*---------------------------------------------------------------------------*/
FoamFile
{
    version     2.0;
    format      ascii;
    class       volScalarField;
    location    "10";
    object      p;
}
// * * * * * * * * * * * * * * * * * * * * * * * * * * * * * * * * * * * * * //

dimensions      [0 2 -2 0 0 0 0];

internalField   nonuniform List<scalar> 
5000
(
58304722
58307349
58283286
58216713
58129991
58029436
57921004
57808155
57693012
57576789
57460153
57343447
57226828
57110354
56994032
56877845
56761770
56645781
56529856
56413977
56298130
56182304
56066491
55950684
55834880
55719076
55603269
55487459
55371644
55255823
55139997
55024164
54908325
54792480
54676628
54560769
54444904
54329032
54213154
54097269
53981377
53865479
53749574
53633662
53517743
53401818
53285886
53169948
53054002
52938050
52822092
52706126
52590154
52474176
52358190
52242198
52126199
52010194
51894181
51778162
51662137
51546104
51430065
51314019
51197967
51081908
50965842
50849769
50733690
50617604
50501511
50385411
50269305
50153192
50037072
49920946
49804813
49688673
49572526
49456373
49340213
49224046
49107873
48991692
48875505
48759311
48643111
48526904
48410690
48294469
48178242
48062007
47945766
47829519
47713264
47597003
47480735
47364460
47248179
47131891
47015596
46899294
46782985
46666670
46550348
46434019
46317684
46201341
46084992
45968636
45852274
45735904
45619528
45503145
45386755
45270359
45153955
45037545
44921128
44804705
44688274
44571837
44455393
44338942
44222484
44106020
43989549
43873071
43756586
43640094
43523596
43407091
43290579
43174060
43057534
42941002
42824462
42707916
42591363
42474804
42358237
42241664
42125084
42008497
41891903
41775302
41658695
41542081
41425460
41308832
41192197
41075555
40958907
40842252
40725590
40608921
40492245
40375563
40258873
40142177
40025474
39908764
39792047
39675323
39558593
39441856
39325111
39208360
39091602
38974838
38858066
38741288
38624502
38507710
38390911
38274105
38157292
38040472
37923646
37806813
37689972
37573125
37456271
37339410
37222542
37105668
36988786
36871898
36755002
36638100
36521191
36404275
36287352
36170423
36053486
35936542
35819592
35702635
35585670
35468699
35351721
35234736
35117745
35000746
34883740
34766728
34649708
34532682
34415649
34298608
34181561
34064507
33947446
33830378
33713304
33596222
33479133
33362038
33244935
33127826
33010710
32893586
32776456
32659319
32542175
32425024
32307866
32190701
32073529
31956351
31839165
31721972
31604773
31487566
31370353
31253132
31135905
31018671
30901429
30784181
30666926
30549664
30432395
30315119
30197835
30080545
29963248
29845945
29728634
29611316
29493991
29376659
29259320
29141974
29024622
28907262
28789895
28672521
28555141
28437753
28320358
28202957
28085548
27968132
27850710
27733280
27615843
27498400
27380949
27263492
27146027
27028555
26911077
26793591
26676098
26558599
26441092
26323578
26206058
26088530
25970995
25853454
25735905
25618349
25500786
25383216
25265640
25148056
25030465
24912867
24795262
24677650
24560031
24442405
24324772
24207131
24089484
23971830
23854169
23736500
23618825
23501143
23383453
23265757
23148053
23030342
22912625
22794900
22677168
22559429
22441684
22323931
22206170
22088403
21970629
21852848
21735060
21617264
21499462
21381652
21263836
21146012
21028181
20910343
20792499
20674647
20556787
20438921
20321048
20203168
20085280
19967386
19849484
19731575
19613659
19495737
19377807
19259869
19141925
19023974
18906015
18788050
18670077
18552098
18434111
18316117
18198116
18080107
17962092
17844070
17726040
17608003
17489960
17371909
17253851
17135785
17017713
16899634
16781547
16663453
16545352
16427244
16309129
16191007
16072878
15954741
15836597
15718446
15600288
15482123
15363951
15245772
15127585
15009391
14891190
14772982
14654767
14536545
14418315
14300078
14181834
14063583
13945325
13827060
13708787
13590507
13472221
13353926
13235625
13117317
12999001
12880678
12762348
12644011
12525667
12407315
12288956
12170590
12052217
11933837
11815449
11697055
11578653
11460244
11341827
11223404
11104973
10986535
10868090
10749638
10631178
10512711
10394237
10275756
10157268
10038772
9920269.1
9801759
9683241.7
9564717.2
9446185.4
9327646.4
9209100.2
9090546.7
8971986
8853418.1
8734842.9
8616260.5
8497670.9
8379074
8260469.9
8141858.5
8023239.9
7904614
7785980.9
7667340.6
7548693
7430038.1
7311376
7192706.6
7074030
6955346.1
6836654.9
6717956.5
6599250.9
6480537.9
6361817.7
6243090.2
6124355.5
6005613.5
5886864.2
5768107.6
5649343.8
5530572.7
5411794.3
5293008.6
5174215.7
5055415.4
4936607.9
4817793.1
4698971
4580141.6
4461304.9
4342460.9
4223609.6
4104751.1
3985885.2
3867012
3748131.6
3629243.8
3510348.7
3391446.3
3272536.6
3153619.6
3034695.3
2915763.7
2796824.8
2677878.5
2558924.9
2439964
2320995.8
2202020.3
2083037.4
1964047.2
1845049.6
1726044.7
1607032.5
1488012.9
1368986
1249951.7
1130910
1011861.1
892804.88
773741.58
654671.51
535594.85
416513.61
297423.63
178363.04
59087.269
58321225
58320147
58292385
58223292
58134069
58031912
57922427
57808930
57693403
57576963
57460211
57343447
57226803
57110321
56993999
56877817
56761747
56645764
56529844
56413969
56298125
56182301
56066489
55950683
55834880
55719077
55603270
55487460
55371645
55255825
55139998
55024166
54908327
54792481
54676630
54560771
54444906
54329034
54213156
54097271
53981379
53865481
53749575
53633664
53517745
53401820
53285888
53169949
53054004
52938052
52822094
52706128
52590156
52474177
52358192
52242200
52126201
52010195
51894183
51778164
51662139
51546106
51430067
51314021
51197969
51081910
50965844
50849771
50733692
50617605
50501513
50385413
50269307
50153194
50037074
49920948
49804815
49688675
49572528
49456375
49340215
49224048
49107874
48991694
48875507
48759313
48643113
48526906
48410692
48294471
48178243
48062009
47945768
47829521
47713266
47597005
47480737
47364462
47248181
47131892
47015597
46899296
46782987
46666672
46550350
46434021
46317685
46201343
46084994
45968638
45852275
45735906
45619530
45503147
45386757
45270360
45153957
45037547
44921130
44804706
44688276
44571839
44455395
44338944
44222486
44106022
43989551
43873072
43756588
43640096
43523598
43407092
43290580
43174062
43057536
42941003
42824464
42707918
42591365
42474806
42358239
42241666
42125086
42008499
41891905
41775304
41658697
41542083
41425462
41308834
41192199
41075557
40958909
40842254
40725592
40608923
40492247
40375564
40258875
40142179
40025476
39908766
39792049
39675325
39558595
39441857
39325113
39208362
39091604
38974839
38858068
38741289
38624504
38507712
38390913
38274107
38157294
38040474
37923648
37806814
37689974
37573127
37456273
37339412
37222544
37105670
36988788
36871900
36755004
36638102
36521193
36404277
36287354
36170424
36053488
35936544
35819594
35702637
35585672
35468701
35351723
35234738
35117746
35000748
34883742
34766730
34649710
34532684
34415650
34298610
34181563
34064509
33947448
33830380
33713306
33596224
33479135
33362040
33244937
33127828
33010712
32893588
32776458
32659321
32542177
32425026
32307868
32190703
32073531
31956353
31839167
31721974
31604775
31487568
31370355
31253134
31135907
31018673
30901431
30784183
30666928
30549666
30432396
30315120
30197837
30080547
29963250
29845946
29728635
29611318
29493993
29376661
29259322
29141976
29024623
28907264
28789897
28672523
28555143
28437755
28320360
28202959
28085550
27968134
27850712
27733282
27615845
27498402
27380951
27263494
27146029
27028557
26911079
26793593
26676100
26558601
26441094
26323580
26206060
26088532
25970997
25853455
25735907
25618351
25500788
25383218
25265641
25148058
25030467
24912869
24795264
24677652
24560033
24442407
24324773
24207133
24089486
23971832
23854171
23736502
23618827
23501145
23383455
23265759
23148055
23030344
22912627
22794902
22677170
22559431
22441685
22323932
22206172
22088405
21970631
21852850
21735062
21617266
21499464
21381654
21263838
21146014
21028183
20910345
20792500
20674648
20556789
20438923
20321050
20203170
20085282
19967388
19849486
19731577
19613661
19495738
19377808
19259871
19141927
19023976
18906017
18788052
18670079
18552099
18434113
18316119
18198117
18080109
17962094
17844071
17726042
17608005
17489961
17371910
17253852
17135787
17017715
16899635
16781549
16663455
16545354
16427246
16309131
16191009
16072879
15954743
15836599
15718448
15600290
15482125
15363953
15245773
15127587
15009393
14891192
14772984
14654769
14536546
14418317
14300080
14181836
14063585
13945327
13827062
13708789
13590509
13472222
13353928
13235627
13117319
12999003
12880680
12762350
12644013
12525669
12407317
12288958
12170592
12052219
11933839
11815451
11697057
11578655
11460246
11341829
11223406
11104975
10986537
10868092
10749640
10631180
10512713
10394239
10275758
10157270
10038774
9920271
9801760.9
9683243.6
9564719
9446187.3
9327648.3
9209102
9090548.6
8971987.9
8853420
8734844.8
8616262.4
8497672.8
8379075.9
8260471.7
8141860.4
8023241.8
7904615.9
7785982.8
7667342.4
7548694.8
7430040
7311377.9
7192708.5
7074031.9
6955348
6836656.8
6717958.4
6599252.7
6480539.8
6361819.6
6243092.1
6124357.4
6005615.4
5886866.1
5768109.5
5649345.7
5530574.6
5411796.2
5293010.5
5174217.5
5055417.3
4936609.8
4817795
4698972.9
4580143.5
4461306.8
4342462.8
4223611.5
4104753
3985887.1
3867013.9
3748133.5
3629245.7
3510350.6
3391448.2
3272538.5
3153621.5
3034697.2
2915765.6
2796826.7
2677880.4
2558926.8
2439965.9
2320997.7
2202022.2
2083039.3
1964049.1
1845051.5
1726046.6
1607034.4
1488014.8
1368987.9
1249953.5
1130911.9
1011862.9
892806.68
773743.32
654673.09
535596.26
416514.38
297426.1
178344.26
59127.443
58351485
58343688
58309298
58234538
58141012
58036015
57924726
57810140
57693983
57577194
57460262
57343412
57226736
57110248
56993933
56877762
56761704
56645732
56529821
56413953
56298114
56182294
56066485
55950682
55834880
55719078
55603272
55487462
55371648
55255827
55140001
55024169
54908330
54792485
54676633
54560774
54444909
54329038
54213159
54097274
53981382
53865484
53749579
53633667
53517748
53401823
53285891
53169953
53054008
52938056
52822097
52706132
52590160
52474181
52358195
52242203
52126204
52010199
51894187
51778168
51662142
51546109
51430070
51314025
51197972
51081913
50965847
50849774
50733695
50617609
50501516
50385416
50269310
50153197
50037077
49920951
49804818
49688678
49572531
49456378
49340218
49224051
49107878
48991697
48875510
48759317
48643116
48526909
48410695
48294474
48178247
48062013
47945772
47829524
47713269
47597008
47480740
47364465
47248184
47131896
47015601
46899299
46782990
46666675
46550353
46434024
46317689
46201346
46084997
45968641
45852279
45735909
45619533
45503150
45386760
45270364
45153960
45037550
44921133
44804710
44688279
44571842
44455398
44338947
44222489
44106025
43989554
43873076
43756591
43640099
43523601
43407096
43290584
43174065
43057539
42941007
42824468
42707921
42591369
42474809
42358242
42241669
42125089
42008502
41891908
41775308
41658700
41542086
41425465
41308837
41192202
41075561
40958912
40842257
40725595
40608926
40492250
40375568
40258878
40142182
40025479
39908769
39792052
39675329
39558598
39441861
39325117
39208365
39091608
38974843
38858071
38741293
38624507
38507715
38390916
38274110
38157297
38040478
37923651
37806818
37689977
37573130
37456276
37339415
37222548
37105673
36988791
36871903
36755008
36638105
36521196
36404280
36287358
36170428
36053491
35936548
35819597
35702640
35585676
35468704
35351726
35234742
35117750
35000751
34883745
34766733
34649713
34532687
34415654
34298614
34181566
34064512
33947451
33830384
33713309
33596227
33479139
33362043
33244941
33127831
33010715
32893592
32776461
32659324
32542180
32425029
32307871
32190706
32073535
31956356
31839170
31721978
31604778
31487571
31370358
31253138
31135910
31018676
30901435
30784186
30666931
30549669
30432400
30315124
30197841
30080551
29963254
29845950
29728639
29611321
29493996
29376664
29259325
29141980
29024627
28907267
28789900
28672527
28555146
28437758
28320364
28202962
28085553
27968138
27850715
27733285
27615849
27498405
27380954
27263497
27146032
27028561
26911082
26793596
26676104
26558604
26441097
26323584
26206063
26088535
25971000
25853459
25735910
25618354
25500791
25383222
25265645
25148061
25030470
24912872
24795267
24677655
24560036
24442410
24324777
24207137
24089489
23971835
23854174
23736506
23618830
23501148
23383458
23265762
23148058
23030348
22912630
22794905
22677173
22559435
22441689
22323936
22206176
22088409
21970634
21852853
21735065
21617269
21499467
21381657
21263841
21146017
21028186
20910349
20792504
20674652
20556793
20438926
20321053
20203173
20085285
19967391
19849489
19731580
19613665
19495742
19377812
19259875
19141930
19023979
18906021
18788055
18670082
18552103
18434116
18316122
18198121
18080113
17962097
17844075
17726045
17608009
17489965
17371914
17253856
17135790
17017718
16899639
16781552
16663458
16545358
16427250
16309134
16191012
16072883
15954746
15836602
15718452
15600294
15482128
15363956
15245777
15127590
15009396
14891195
14772987
14654772
14536550
14418320
14300083
14181840
14063589
13945330
13827065
13708792
13590513
13472226
13353932
13235630
13117322
12999006
12880683
12762353
12644016
12525672
12407320
12288962
12170596
12052222
11933842
11815455
11697060
11578658
11460249
11341833
11223409
11104978
10986540
10868095
10749643
10631183
10512716
10394242
10275761
10157273
10038777
9920274.3
9801764.2
9683246.9
9564722.3
9446190.6
9327651.6
9209105.3
9090551.9
8971991.2
8853423.2
8734848.1
8616265.7
8497676
8379079.2
8260475
8141863.7
8023245.1
7904619.2
7785986.1
7667345.7
7548698.1
7430043.3
7311381.1
7192711.8
7074035.1
6955351.3
6836660.1
6717961.7
6599256
6480543.1
6361822.9
6243095.4
6124360.7
6005618.7
5886869.4
5768112.8
5649349
5530577.9
5411799.5
5293013.8
5174220.8
5055420.6
4936613.1
4817798.2
4698976.1
4580146.8
4461310.1
4342466.1
4223614.8
4104756.2
3985890.4
3867017.2
3748136.7
3629249
3510353.9
3391451.5
3272541.8
3153624.8
3034700.5
2915768.9
2796829.9
2677883.7
2558930.1
2439969.2
2321001
2202025.4
2083042.6
1964052.4
1845054.8
1726049.9
1607037.7
1488018.1
1368991.1
1249956.8
1130915.2
1011866.2
892809.85
773746.36
654675.9
535598.71
416516.07
297428.01
178336.23
59142.778
58399311
58379999
58334865
58251065
58151077
58041863
57927949
57811800
57694751
57577478
57460299
57343338
57226622
57110132
56993830
56877678
56761640
56645684
56529786
56413929
56298099
56182285
56066480
55950680
55834881
55719079
55603275
55487466
55371652
55255832
55140006
55024174
54908335
54792490
54676638
54560779
54444914
54329042
54213164
54097279
53981387
53865489
53749584
53633672
53517753
53401828
53285896
53169958
53054012
52938061
52822102
52706137
52590164
52474186
52358200
52242208
52126209
52010204
51894191
51778172
51662147
51546114
51430075
51314030
51197977
51081918
50965852
50849779
50733700
50617614
50501521
50385421
50269315
50153202
50037082
49920956
49804823
49688683
49572536
49456383
49340223
49224056
49107883
48991702
48875515
48759322
48643121
48526914
48410700
48294479
48178252
48062017
47945777
47829529
47713274
47597013
47480745
47364470
47248189
47131901
47015606
46899304
46782995
46666680
46550358
46434029
46317694
46201351
46085002
45968646
45852284
45735914
45619538
45503155
45386765
45270369
45153965
45037555
44921138
44804715
44688284
44571847
44455403
44338952
44222494
44106030
43989559
43873081
43756596
43640104
43523606
43407101
43290589
43174070
43057544
42941012
42824472
42707926
42591374
42474814
42358247
42241674
42125094
42008507
41891913
41775313
41658705
41542091
41425470
41308842
41192207
41075566
40958917
40842262
40725600
40608931
40492255
40375573
40258883
40142187
40025484
39908774
39792057
39675333
39558603
39441866
39325121
39208370
39091612
38974848
38858076
38741298
38624512
38507720
38390921
38274115
38157302
38040483
37923656
37806823
37689982
37573135
37456281
37339420
37222553
37105678
36988796
36871908
36755013
36638110
36521201
36404285
36287362
36170433
36053496
35936553
35819602
35702645
35585681
35468709
35351731
35234746
35117755
35000756
34883750
34766738
34649718
34532692
34415659
34298618
34181571
34064517
33947456
33830389
33713314
33596232
33479144
33362048
33244945
33127836
33010720
32893597
32776466
32659329
32542185
32425034
32307876
32190711
32073540
31956361
31839175
31721983
31604783
31487576
31370363
31253142
31135915
31018681
30901439
30784191
30666936
30549674
30432405
30315129
30197846
30080556
29963259
29845955
29728644
29611326
29494001
29376669
29259330
29141985
29024632
28907272
28789905
28672532
28555151
28437763
28320368
28202967
28085558
27968143
27850720
27733290
27615854
27498410
27380959
27263502
27146037
27028565
26911087
26793601
26676109
26558609
26441102
26323589
26206068
26088540
25971005
25853464
25735915
25618359
25500796
25383227
25265650
25148066
25030475
24912877
24795272
24677660
24560041
24442415
24324782
24207142
24089494
23971840
23854179
23736511
23618835
23501153
23383463
23265767
23148063
23030353
22912635
22794910
22677178
22559440
22441694
22323941
22206181
22088414
21970639
21852858
21735070
21617274
21499472
21381662
21263846
21146022
21028191
20910354
20792509
20674657
20556798
20438931
20321058
20203178
20085290
19967396
19849494
19731585
19613670
19495747
19377817
19259880
19141935
19023984
18906026
18788060
18670087
18552108
18434121
18316127
18198126
18080118
17962102
17844080
17726050
17608013
17489970
17371919
17253861
17135795
17017723
16899644
16781557
16663463
16545363
16427255
16309139
16191017
16072888
15954751
15836607
15718457
15600299
15482133
15363961
15245782
15127595
15009401
14891200
14772992
14654777
14536555
14418325
14300088
14181845
14063593
13945335
13827070
13708797
13590518
13472231
13353937
13235635
13117327
12999011
12880688
12762358
12644021
12525677
12407325
12288967
12170601
12052227
11933847
11815460
11697065
11578663
11460254
11341837
11223414
11104983
10986545
10868100
10749648
10631188
10512721
10394247
10275766
10157278
10038782
9920279.2
9801769.1
9683251.8
9564727.3
9446195.5
9327656.5
9209110.3
9090556.8
8971996.1
8853428.2
8734853
8616270.6
8497681
8379084.1
8260480
8141868.6
8023250
7904624.2
7785991
7667350.7
7548703.1
7430048.2
7311386.1
7192716.7
7074040.1
6955356.2
6836665.1
6717966.7
6599261
6480548
6361827.8
6243100.4
6124365.6
6005623.6
5886874.3
5768117.8
5649353.9
5530582.8
5411804.4
5293018.7
5174225.8
5055425.5
4936618
4817803.2
4698981.1
4580151.7
4461315
4342471
4223619.8
4104761.2
3985895.3
3867022.2
3748141.7
3629253.9
3510358.9
3391456.5
3272546.8
3153629.8
3034705.5
2915773.8
2796834.9
2677888.6
2558935.1
2439974.2
2321005.9
2202030.4
2083047.5
1964057.3
1845059.8
1726054.9
1607042.7
1488023.1
1368996.1
1249961.8
1130920.1
1011871
892814.64
773750.98
654680.2
535602.48
416518.85
297430.31
178331.04
59155.017
58467525
58429758
58368704
58272369
58163769
58049084
57931843
57813750
57695611
57577757
57460291
57343206
57226453
57109968
56993689
56877565
56761553
56645620
56529741
56413899
56298079
56182273
56066474
55950678
55834881
55719082
55603279
55487471
55371657
55255838
55140012
55024180
54908341
54792496
54676644
54560786
54444921
54329049
54213171
54097286
53981394
53865495
53749590
53633678
53517760
53401835
53285903
53169964
53054019
52938067
52822108
52706143
52590171
52474192
52358207
52242215
52126216
52010210
51894198
51778179
51662153
51546121
51430082
51314036
51197984
51081924
50965858
50849786
50733706
50617620
50501528
50385428
50269322
50153209
50037089
49920963
49804830
49688690
49572543
49456390
49340230
49224063
49107889
48991709
48875522
48759328
48643128
48526920
48410707
48294486
48178258
48062024
47945783
47829535
47713281
47597020
47480752
47364477
47248196
47131907
47015612
46899311
46783002
46666687
46550365
46434036
46317700
46201358
46085009
45968653
45852290
45735921
45619545
45503162
45386772
45270375
45153972
45037562
44921145
44804721
44688291
44571854
44455409
44338959
44222501
44106037
43989565
43873087
43756603
43640111
43523613
43407107
43290595
43174076
43057551
42941018
42824479
42707933
42591380
42474820
42358254
42241681
42125100
42008514
41891920
41775319
41658712
41542097
41425476
41308849
41192214
41075572
40958924
40842269
40725607
40608938
40492262
40375579
40258890
40142194
40025491
39908781
39792064
39675340
39558610
39441872
39325128
39208377
39091619
38974854
38858083
38741304
38624519
38507727
38390928
38274122
38157309
38040489
37923663
37806829
37689989
37573142
37456288
37339427
37222559
37105684
36988803
36871915
36755019
36638117
36521208
36404292
36287369
36170439
36053503
35936559
35819609
35702651
35585687
35468716
35351738
35234753
35117761
35000763
34883757
34766744
34649725
34532699
34415665
34298625
34181578
34064524
33947463
33830395
33713320
33596239
33479150
33362055
33244952
33127843
33010726
32893603
32776473
32659336
32542192
32425041
32307883
32190718
32073546
31956367
31839182
31721989
31604790
31487583
31370370
31253149
31135922
31018687
30901446
30784198
30666943
30549680
30432411
30315135
30197852
30080562
29963265
29845961
29728650
29611332
29494008
29376676
29259337
29141991
29024638
28907279
28789912
28672538
28555157
28437770
28320375
28202973
28085565
27968149
27850727
27733297
27615860
27498417
27380966
27263508
27146044
27028572
26911093
26793608
26676115
26558616
26441109
26323595
26206075
26088547
25971012
25853470
25735922
25618366
25500803
25383233
25265656
25148072
25030481
24912884
24795279
24677667
24560048
24442421
24324788
24207148
24089501
23971847
23854185
23736517
23618842
23501159
23383470
23265773
23148070
23030359
22912642
22794917
22677185
22559446
22441700
22323947
22206187
22088420
21970646
21852865
21735076
21617281
21499479
21381669
21263852
21146029
21028198
20910360
20792515
20674663
20556804
20438938
20321065
20203184
20085297
19967402
19849501
19731592
19613676
19495753
19377823
19259886
19141942
19023991
18906032
18788067
18670094
18552114
18434127
18316133
18198132
18080124
17962109
17844086
17726057
17608020
17489976
17371925
17253867
17135802
17017730
16899650
16781564
16663470
16545369
16427261
16309146
16191024
16072894
15954758
15836614
15718463
15600305
15482140
15363968
15245788
15127602
15009408
14891207
14772999
14654784
14536561
14418332
14300095
14181851
14063600
13945342
13827077
13708804
13590524
13472237
13353943
13235642
13117333
12999018
12880695
12762365
12644028
12525683
12407332
12288973
12170607
12052234
11933854
11815466
11697072
11578670
11460260
11341844
11223421
11104990
10986552
10868107
10749654
10631195
10512728
10394254
10275773
10157284
10038789
9920285.9
9801775.8
9683258.5
9564733.9
9446202.1
9327663.2
9209116.9
9090563.5
8972002.8
8853434.8
8734859.7
8616277.3
8497687.6
8379090.8
8260486.6
8141875.3
8023256.6
7904630.8
7785997.7
7667357.3
7548709.7
7430054.9
7311392.7
7192723.4
7074046.7
6955362.9
6836671.7
6717973.3
6599267.6
6480554.7
6361834.5
6243107
6124372.3
6005630.3
5886881
5768124.4
5649360.6
5530589.5
5411811.1
5293025.4
5174232.4
5055432.2
4936624.7
4817809.8
4698987.7
4580158.3
4461321.7
4342477.7
4223626.4
4104767.8
3985902
3867028.8
3748148.3
3629260.6
3510365.5
3391463.1
3272553.4
3153636.4
3034712.1
2915780.5
2796841.5
2677895.3
2558941.7
2439980.8
2321012.6
2202037
2083054.2
1964064
1845066.4
1726061.5
1607049.3
1488029.7
1369002.8
1249968.4
1130926.7
1011877.6
892821.1
773757.22
654686.05
535607.68
416522.84
297433.24
178325.85
59171.626
58559587
58493470
58410027
58297484
58178280
58057106
57936035
57815759
57696425
57577953
57460195
57342996
57226220
57109753
56993510
56877424
56761447
56645543
56529687
56413862
56298055
56182259
56066467
55950676
55834882
55719085
55603284
55487477
55371664
55255845
55140020
55024188
54908349
54792504
54676652
54560794
54444929
54329057
54213179
54097294
53981402
53865504
53749599
53633687
53517768
53401843
53285911
53169973
53054027
52938075
52822117
52706151
52590179
52474201
52358215
52242223
52126224
52010219
51894206
51778187
51662162
51546129
51430090
51314044
51197992
51081933
50965867
50849794
50733715
50617629
50501536
50385436
50269330
50153217
50037097
49920971
49804838
49688698
49572551
49456398
49340238
49224071
49107898
48991717
48875530
48759336
48643136
48526929
48410715
48294494
48178267
48062032
47945791
47829544
47713289
47597028
47480760
47364485
47248204
47131916
47015621
46899319
46783010
46666695
46550373
46434044
46317709
46201366
46085017
45968661
45852299
45735929
45619553
45503170
45386780
45270384
45153980
45037570
44921153
44804730
44688299
44571862
44455418
44338967
44222509
44106045
43989574
43873096
43756611
43640119
43523621
43407116
43290604
43174085
43057559
42941027
42824487
42707941
42591388
42474829
42358262
42241689
42125109
42008522
41891928
41775327
41658720
41542106
41425485
41308857
41192222
41075580
40958932
40842277
40725615
40608946
40492270
40375588
40258898
40142202
40025499
39908789
39792072
39675348
39558618
39441881
39325136
39208385
39091627
38974863
38858091
38741313
38624527
38507735
38390936
38274130
38157317
38040498
37923671
37806838
37689997
37573150
37456296
37339435
37222567
37105693
36988811
36871923
36755027
36638125
36521216
36404300
36287377
36170448
36053511
35936567
35819617
35702660
35585695
35468724
35351746
35234761
35117770
35000771
34883765
34766753
34649733
34532707
34415674
34298633
34181586
34064532
33947471
33830403
33713329
33596247
33479158
33362063
33244960
33127851
33010735
32893611
32776481
32659344
32542200
32425049
32307891
32190726
32073554
31956376
31839190
31721997
31604798
31487591
31370378
31253157
31135930
31018696
30901454
30784206
30666951
30549689
30432420
30315144
30197860
30080570
29963273
29845970
29728659
29611341
29494016
29376684
29259345
29141999
29024647
28907287
28789920
28672546
28555166
28437778
28320383
28202982
28085573
27968157
27850735
27733305
27615869
27498425
27380974
27263517
27146052
27028580
26911102
26793616
26676123
26558624
26441117
26323603
26206083
26088555
25971020
25853479
25735930
25618374
25500811
25383241
25265665
25148081
25030490
24912892
24795287
24677675
24560056
24442430
24324797
24207156
24089509
23971855
23854194
23736525
23618850
23501168
23383478
23265782
23148078
23030367
22912650
22794925
22677193
22559454
22441709
22323956
22206196
22088428
21970654
21852873
21735085
21617289
21499487
21381677
21263861
21146037
21028206
20910368
20792524
20674672
20556812
20438946
20321073
20203193
20085305
19967411
19849509
19731600
19613685
19495762
19377832
19259894
19141950
19023999
18906040
18788075
18670102
18552123
18434136
18316142
18198141
18080132
17962117
17844095
17726065
17608028
17489985
17371934
17253876
17135810
17017738
16899659
16781572
16663478
16545377
16427269
16309154
16191032
16072903
15954766
15836622
15718471
15600313
15482148
15363976
15245797
15127610
15009416
14891215
14773007
14654792
14536570
14418340
14300103
14181859
14063608
13945350
13827085
13708812
13590532
13472246
13353951
13235650
13117342
12999026
12880703
12762373
12644036
12525692
12407340
12288981
12170615
12052242
11933862
11815474
11697080
11578678
11460269
11341852
11223429
11104998
10986560
10868115
10749663
10631203
10512736
10394262
10275781
10157293
10038797
9920294.1
9801784
9683266.7
9564742.2
9446210.4
9327671.4
9209125.2
9090571.7
8972011
8853443.1
8734867.9
8616285.5
8497695.9
8379099
8260494.9
8141883.5
8023264.9
7904639.1
7786005.9
7667365.6
7548718
7430063.1
7311401
7192731.6
7074055
6955371.1
6836680
6717981.6
6599275.9
6480563
6361842.7
6243115.3
6124380.5
6005638.5
5886889.2
5768132.7
5649368.8
5530597.7
5411819.3
5293033.6
5174240.7
5055440.4
4936632.9
4817818.1
4698996
4580166.6
4461329.9
4342486
4223634.7
4104776.1
3985910.2
3867037.1
3748156.6
3629268.8
3510373.8
3391471.4
3272561.7
3153644.7
3034720.4
2915788.7
2796849.8
2677903.5
2558950
2439989.1
2321020.9
2202045.3
2083062.4
1964072.2
1845074.7
1726069.8
1607057.6
1488038
1369011.1
1249976.7
1130935
1011885.8
892829.18
773765.07
654693.47
535614.34
416528.18
297436.94
178320.63
59192.468
58681794
58572022
58457541
58325020
58193560
58065229
57940088
57817567
57697044
57577983
57459967
57342685
57225911
57109485
56993293
56877257
56761323
56645454
56529625
56413821
56298029
56182244
56066460
55950674
55834884
55719090
55603290
55487484
55371672
55255854
55140029
55024197
54908359
54792514
54676662
54560804
54444939
54329067
54213189
54097304
53981412
53865513
53749608
53633697
53517778
53401853
53285921
53169982
53054037
52938085
52822127
52706161
52590189
52474210
52358225
52242233
52126234
52010228
51894216
51778197
51662172
51546139
51430100
51314054
51198002
51081943
50965877
50849804
50733725
50617638
50501546
50385446
50269340
50153227
50037107
49920981
49804848
49688708
49572561
49456408
49340248
49224081
49107907
48991727
48875540
48759346
48643146
48526939
48410725
48294504
48178276
48062042
47945801
47829554
47713299
47597038
47480770
47364495
47248214
47131925
47015630
46899329
46783020
46666705
46550383
46434054
46317718
46201376
46085027
45968671
45852308
45735939
45619563
45503180
45386790
45270393
45153990
45037580
44921163
44804739
44688309
44571872
44455428
44338977
44222519
44106055
43989583
43873105
43756621
43640129
43523631
43407125
43290613
43174095
43057569
42941036
42824497
42707951
42591398
42474839
42358272
42241699
42125119
42008532
41891938
41775337
41658730
41542116
41425494
41308867
41192232
41075590
40958942
40842287
40725625
40608956
40492280
40375597
40258908
40142212
40025509
39908799
39792082
39675358
39558628
39441890
39325146
39208395
39091637
38974872
38858101
38741322
38624537
38507745
38390946
38274140
38157327
38040507
37923681
37806847
37690007
37573160
37456306
37339445
37222577
37105703
36988821
36871933
36755037
36638135
36521226
36404310
36287387
36170457
36053521
35936577
35819627
35702670
35585705
35468734
35351756
35234771
35117779
35000781
34883775
34766762
34649743
34532717
34415683
34298643
34181596
34064542
33947481
33830413
33713339
33596257
33479168
33362073
33244970
33127861
33010744
32893621
32776491
32659354
32542210
32425059
32307901
32190736
32073564
31956386
31839200
31722007
31604808
31487601
31370388
31253167
31135940
31018705
30901464
30784216
30666961
30549699
30432429
30315153
30197870
30080580
29963283
29845979
29728668
29611351
29494026
29376694
29259355
29142009
29024656
28907297
28789930
28672556
28555176
28437788
28320393
28202992
28085583
27968167
27850745
27733315
27615878
27498435
27380984
27263526
27146062
27028590
26911112
26793626
26676133
26558634
26441127
26323613
26206093
26088565
25971030
25853488
25735940
25618384
25500821
25383251
25265674
25148090
25030500
24912902
24795297
24677685
24560066
24442440
24324806
24207166
24089519
23971865
23854204
23736535
23618860
23501177
23383488
23265792
23148088
23030377
22912660
22794935
22677203
22559464
22441718
22323965
22206205
22088438
21970664
21852883
21735095
21617299
21499497
21381687
21263871
21146047
21028216
20910378
20792533
20674681
20556822
20438956
20321083
20203202
20085315
19967421
19849519
19731610
19613694
19495771
19377841
19259904
19141960
19024009
18906050
18788085
18670112
18552132
18434146
18316152
18198150
18080142
17962127
17844104
17726075
17608038
17489994
17371943
17253885
17135820
17017748
16899668
16781582
16663488
16545387
16427279
16309164
16191042
16072912
15954776
15836632
15718481
15600323
15482158
15363986
15245806
15127620
15009426
14891225
14773017
14654802
14536579
14418350
14300113
14181869
14063618
13945360
13827095
13708822
13590542
13472255
13353961
13235660
13117352
12999036
12880713
12762383
12644046
12525702
12407350
12288991
12170625
12052252
11933872
11815484
11697090
11578688
11460279
11341862
11223439
11105008
10986570
10868125
10749673
10631213
10512746
10394272
10275791
10157303
10038807
9920304
9801793.9
9683276.6
9564752
9446220.2
9327681.2
9209135
9090581.6
8972020.9
8853452.9
8734877.8
8616295.4
8497705.7
8379108.8
8260504.7
8141893.4
8023274.7
7904648.9
7786015.8
7667375.4
7548727.8
7430073
7311410.8
7192741.5
7074064.8
6955381
6836689.8
6717991.4
6599285.7
6480572.8
6361852.6
6243125.1
6124390.4
6005648.4
5886899.1
5768142.5
5649378.7
5530607.5
5411829.2
5293043.5
5174250.5
5055450.3
4936642.8
4817827.9
4699005.8
4580176.4
4461339.8
4342495.8
4223644.5
4104785.9
3985920.1
3867046.9
3748166.4
3629278.7
3510383.6
3391481.2
3272571.5
3153654.5
3034730.2
2915798.6
2796859.6
2677913.4
2558959.8
2439998.9
2321030.7
2202055.2
2083072.3
1964082.1
1845084.6
1726079.7
1607067.5
1488047.9
1369021
1249986.6
1130944.8
1011895.6
892838.86
773774.51
654702.46
535622.55
416534.99
297441.51
178315.88
59217.168
58852429
58668152
58509256
58353037
58208272
58072594
57943469
57818845
57697268
57577728
57459537
57342233
57225506
57109151
56993032
56877061
56761180
56645353
56529556
56413776
56298001
56182228
56066453
55950673
55834888
55719096
55603298
55487494
55371682
55255865
55140040
55024208
54908370
54792525
54676674
54560815
54444950
54329079
54213200
54097315
53981424
53865525
53749620
53633708
53517790
53401865
53285933
53169994
53054049
52938097
52822138
52706173
52590201
52474222
52358237
52242245
52126246
52010240
51894228
51778209
51662183
51546151
51430112
51314066
51198013
51081954
50965888
50849816
50733736
50617650
50501557
50385458
50269352
50153239
50037119
49920992
49804859
49688719
49572573
49456419
49340259
49224093
49107919
48991739
48875552
48759358
48643157
48526950
48410736
48294516
48178288
48062054
47945813
47829565
47713311
47597050
47480782
47364507
47248225
47131937
47015642
46899340
46783032
46666717
46550394
46434066
46317730
46201388
46085039
45968683
45852320
45735951
45619574
45503191
45386802
45270405
45154002
45037592
44921175
44804751
44688321
44571883
44455439
44338988
44222531
44106066
43989595
43873117
43756632
43640141
43523642
43407137
43290625
43174106
43057581
42941048
42824509
42707963
42591410
42474850
42358284
42241710
42125130
42008543
41891950
41775349
41658741
41542127
41425506
41308878
41192244
41075602
40958954
40842298
40725636
40608967
40492292
40375609
40258920
40142223
40025520
39908810
39792094
39675370
39558639
39441902
39325158
39208407
39091649
38974884
38858113
38741334
38624549
38507756
38390957
38274151
38157339
38040519
37923692
37806859
37690019
37573172
37456318
37339457
37222589
37105714
36988833
36871944
36755049
36638147
36521238
36404322
36287399
36170469
36053532
35936589
35819638
35702681
35585717
35468746
35351768
35234783
35117791
35000792
34883787
34766774
34649755
34532728
34415695
34298655
34181608
34064554
33947493
33830425
33713350
33596269
33479180
33362084
33244982
33127872
33010756
32893633
32776503
32659366
32542222
32425071
32307913
32190748
32073576
31956397
31839212
31722019
31604819
31487613
31370399
31253179
31135952
31018717
30901476
30784228
30666972
30549710
30432441
30315165
30197882
30080592
29963295
29845991
29728680
29611362
29494037
29376706
29259367
29142021
29024668
28907308
28789942
28672568
28555187
28437800
28320405
28203003
28085595
27968179
27850756
27733327
27615890
27498446
27380996
27263538
27146074
27028602
26911123
26793638
26676145
26558645
26441139
26323625
26206104
26088577
25971042
25853500
25735951
25618396
25500833
25383263
25265686
25148102
25030511
24912913
24795308
24677696
24560077
24442451
24324818
24207178
24089531
23971877
23854215
23736547
23618872
23501189
23383500
23265803
23148100
23030389
22912671
22794947
22677215
22559476
22441730
22323977
22206217
22088450
21970676
21852895
21735106
21617311
21499508
21381699
21263882
21146059
21028228
20910390
20792545
20674693
20556834
20438968
20321095
20203214
20085327
19967432
19849531
19731622
19613706
19495783
19377853
19259916
19141972
19024020
18906062
18788096
18670124
18552144
18434157
18316163
18198162
18080154
17962139
17844116
17726087
17608050
17490006
17371955
17253897
17135832
17017760
16899680
16781594
16663500
16545399
16427291
16309176
16191054
16072924
15954788
15836644
15718493
15600335
15482170
15363998
15245818
15127632
15009438
14891237
14773029
14654814
14536591
14418362
14300125
14181881
14063630
13945372
13827106
13708834
13590554
13472267
13353973
13235672
13117363
12999048
12880725
12762395
12644058
12525713
12407362
12289003
12170637
12052264
11933884
11815496
11697101
11578699
11460290
11341874
11223450
11105020
10986582
10868137
10749684
10631225
10512758
10394284
10275803
10157314
10038819
9920315.7
9801805.6
9683288.3
9564763.7
9446231.9
9327692.9
9209146.7
9090593.2
8972032.6
8853464.6
8734889.5
8616307.1
8497717.4
8379120.5
8260516.4
8141905
8023286.4
7904660.6
7786027.5
7667387.1
7548739.5
7430084.6
7311422.5
7192753.2
7074076.5
6955392.6
6836701.5
6718003.1
6599297.4
6480584.5
6361864.3
6243136.8
6124402.1
6005660
5886910.8
5768154.2
5649390.4
5530619.2
5411840.8
5293055.2
5174262.2
5055462
4936654.4
4817839.6
4699017.5
4580188.1
4461351.5
4342507.5
4223656.2
4104797.6
3985931.8
3867058.6
3748178.1
3629290.4
3510395.3
3391492.9
3272583.2
3153666.2
3034741.9
2915810.3
2796871.3
2677925.1
2558971.5
2440010.6
2321042.4
2202066.9
2083084
1964093.8
1845096.3
1726091.4
1607079.2
1488059.6
1369032.7
1249998.4
1130956.6
1011907.3
892850.47
773785.9
654713.43
535632.74
416543.77
297447.3
178312.85
59246.555
59109107
58784246
58562073
58379103
58220836
58078171
57945489
57819129
57696780
57576970
57458757
57341540
57224937
57108707
56992698
56876817
56761007
56645233
56529477
56413724
56297971
56182212
56066447
55950674
55834893
55719105
55603309
55487506
55371696
55255878
55140054
55024223
54908385
54792540
54676688
54560830
54444965
54329093
54213215
54097330
53981438
53865540
53749635
53633723
53517804
53401879
53285947
53170009
53054064
52938112
52822153
52706188
52590216
52474237
52358251
52242259
52126260
52010255
51894243
51778224
51662198
51546166
51430126
51314081
51198028
51081969
50965903
50849830
50733751
50617665
50501572
50385472
50269366
50153253
50037134
49921007
49804874
49688734
49572587
49456434
49340274
49224107
49107934
48991753
48875566
48759373
48643172
48526965
48410751
48294530
48178303
48062069
47945828
47829580
47713325
47597064
47480796
47364522
47248240
47131952
47015657
46899355
46783047
46666731
46550409
46434080
46317745
46201402
46085053
45968697
45852335
45735965
45619589
45503206
45386816
45270420
45154016
45037606
44921189
44804766
44688335
44571898
44455454
44339003
44222545
44106081
43989610
43873132
43756647
43640155
43523657
43407152
43290640
43174121
43057595
42941063
42824524
42707978
42591425
42474865
42358298
42241725
42125145
42008558
41891964
41775364
41658756
41542142
41425521
41308893
41192258
41075617
40958968
40842313
40725651
40608982
40492306
40375624
40258934
40142238
40025535
39908825
39792108
39675385
39558654
39441917
39325173
39208422
39091664
38974899
38858127
38741349
38624563
38507771
38390972
38274166
38157353
38040534
37923707
37806874
37690033
37573186
37456332
37339471
37222604
37105729
36988847
36871959
36755064
36638161
36521252
36404336
36287414
36170484
36053547
35936604
35819653
35702696
35585732
35468761
35351783
35234798
35117806
35000807
34883801
34766789
34649769
34532743
34415710
34298670
34181623
34064568
33947508
33830440
33713365
33596283
33479195
33362099
33244997
33127887
33010771
32893648
32776517
32659380
32542236
32425085
32307927
32190763
32073591
31956412
31839226
31722034
31604834
31487628
31370414
31253194
31135966
31018732
30901491
30784242
30666987
30549725
30432456
30315180
30197897
30080607
29963310
29846006
29728695
29611377
29494052
29376720
29259381
29142036
29024683
28907323
28789956
28672583
28555202
28437814
28320420
28203018
28085609
27968194
27850771
27733341
27615905
27498461
27381010
27263553
27146088
27028617
26911138
26793652
26676160
26558660
26441153
26323640
26206119
26088591
25971057
25853515
25735966
25618410
25500847
25383278
25265701
25148117
25030526
24912928
24795323
24677711
24560092
24442466
24324833
24207193
24089545
23971891
23854230
23736562
23618886
23501204
23383514
23265818
23148114
23030404
22912686
22794961
22677230
22559491
22441745
22323992
22206232
22088465
21970690
21852909
21735121
21617326
21499523
21381714
21263897
21146073
21028243
20910405
20792560
20674708
20556849
20438983
20321109
20203229
20085341
19967447
19849545
19731637
19613721
19495798
19377868
19259931
19141986
19024035
18906077
18788111
18670139
18552159
18434172
18316178
18198177
18080169
17962153
17844131
17726101
17608065
17490021
17371970
17253912
17135847
17017774
16899695
16781608
16663515
16545414
16427306
16309191
16191068
16072939
15954802
15836659
15718508
15600350
15482185
15364012
15245833
15127646
15009452
14891252
14773043
14654828
14536606
14418376
14300140
14181896
14063645
13945386
13827121
13708848
13590569
13472282
13353988
13235686
13117378
12999062
12880740
12762410
12644072
12525728
12407376
12289018
12170652
12052279
11933898
11815511
11697116
11578714
11460305
11341889
11223465
11105034
10986596
10868151
10749699
10631239
10512773
10394299
10275817
10157329
10038833
9920330.4
9801820.3
9683303
9564778.4
9446246.7
9327707.7
9209161.4
9090608
8972047.3
8853479.4
8734904.2
8616321.8
8497732.2
8379135.3
8260531.1
8141919.8
8023301.2
7904675.3
7786042.2
7667401.8
7548754.2
7430099.4
7311437.3
7192767.9
7074091.3
6955407.4
6836716.2
6718017.8
6599312.1
6480599.2
6361879
6243151.5
6124416.8
6005674.8
5886925.5
5768168.9
5649405.1
5530634
5411855.6
5293069.9
5174276.9
5055476.7
4936669.2
4817854.4
4699032.3
4580202.9
4461366.2
4342522.2
4223670.9
4104812.4
3985946.5
3867073.3
3748192.9
3629305.1
3510410
3391507.6
3272597.9
3153680.9
3034756.6
2915825
2796886.1
2677939.8
2558986.2
2440025.3
2321057.1
2202081.6
2083098.7
1964108.6
1845111
1726106.2
1607094
1488074.4
1369047.5
1250013.2
1130971.4
1011922.1
892865.23
773800.49
654727.65
535646.26
416555.9
297455.75
178314.13
59281.13
59433591
58900200
58608995
58400013
58229614
58081073
57945637
57818107
57695387
57575589
57457551
57340559
57224175
57108135
56992280
56876519
56760800
56645093
56529385
56413667
56297938
56182195
56066441
55950676
55834901
55719116
55603323
55487521
55371712
55255895
55140071
55024240
54908402
54792558
54676706
54560848
54444983
54329111
54213233
54097348
53981456
53865558
53749653
53633741
53517822
53401897
53285965
53170027
53054081
52938129
52822171
52706205
52590233
52474255
52358269
52242277
52126278
52010273
51894260
51778241
51662216
51546183
51430144
51314098
51198046
51081987
50965921
50849848
50733769
50617683
50501590
50385490
50269384
50153271
50037151
49921025
49804892
49688752
49572605
49456452
49340292
49224125
49107951
48991771
48875584
48759390
48643190
48526983
48410769
48294548
48178321
48062086
47945845
47829598
47713343
47597082
47480814
47364539
47248258
47131970
47015675
46899373
46783064
46666749
46550427
46434098
46317763
46201420
46085071
45968715
45852353
45735983
45619607
45503224
45386834
45270438
45154034
45037624
44921207
44804784
44688353
44571916
44455472
44339021
44222563
44106099
43989628
43873150
43756665
43640173
43523675
43407170
43290657
43174139
43057613
42941081
42824541
42707995
42591442
42474883
42358316
42241743
42125163
42008576
41891982
41775381
41658774
41542160
41425539
41308911
41192276
41075634
40958986
40842331
40725669
40609000
40492324
40375642
40258952
40142256
40025553
39908843
39792126
39675402
39558672
39441935
39325190
39208439
39091681
38974917
38858145
38741366
38624581
38507789
38390990
38274184
38157371
38040551
37923725
37806892
37690051
37573204
37456350
37339489
37222621
37105747
36988865
36871977
36755081
36638179
36521270
36404354
36287431
36170502
36053565
35936621
35819671
35702714
35585749
35468778
35351800
35234815
35117824
35000825
34883819
34766807
34649787
34532761
34415728
34298687
34181640
34064586
33947525
33830457
33713383
33596301
33479212
33362117
33245014
33127905
33010789
32893665
32776535
32659398
32542254
32425103
32307945
32190780
32073608
31956430
31839244
31722051
31604852
31487645
31370432
31253211
31135984
31018750
30901508
30784260
30667005
30549743
30432474
30315198
30197914
30080624
29963327
29846023
29728713
29611395
29494070
29376738
29259399
29142053
29024701
28907341
28789974
28672600
28555220
28437832
28320437
28203036
28085627
27968211
27850789
27733359
27615922
27498479
27381028
27263571
27146106
27028634
26911156
26793670
26676177
26558678
26441171
26323657
26206137
26088609
25971074
25853533
25735984
25618428
25500865
25383295
25265719
25148135
25030544
24912946
24795341
24677729
24560110
24442484
24324851
24207210
24089563
23971909
23854248
23736579
23618904
23501222
23383532
23265836
23148132
23030421
22912704
22794979
22677247
22559508
22441762
22324010
22206249
22088482
21970708
21852927
21735139
21617343
21499541
21381731
21263915
21146091
21028260
20910422
20792577
20674725
20556866
20439000
20321127
20203247
20085359
19967465
19849563
19731654
19613738
19495816
19377886
19259948
19142004
19024053
18906094
18788129
18670156
18552177
18434190
18316196
18198195
18080186
17962171
17844149
17726119
17608082
17490039
17371988
17253930
17135864
17017792
16899713
16781626
16663532
16545431
16427323
16309208
16191086
16072957
15954820
15836676
15718525
15600367
15482202
15364030
15245851
15127664
15009470
14891269
14773061
14654846
14536624
14418394
14300157
14181913
14063662
13945404
13827139
13708866
13590586
13472300
13354005
13235704
13117396
12999080
12880757
12762427
12644090
12525746
12407394
12289035
12170669
12052296
11933916
11815528
11697134
11578732
11460323
11341906
11223483
11105052
10986614
10868169
10749717
10631257
10512790
10394316
10275835
10157347
10038851
9920348.1
9801838
9683320.7
9564796.1
9446264.4
9327725.4
9209179.1
9090625.7
8972065
8853497
8734921.9
8616339.5
8497749.8
8379153
8260548.8
8141937.5
8023318.9
7904693
7786059.9
7667419.5
7548771.9
7430117.1
7311455
7192785.6
7074109
6955425.1
6836733.9
6718035.5
6599329.8
6480616.9
6361896.7
6243169.2
6124434.5
6005692.5
5886943.2
5768186.6
5649422.8
5530651.7
5411873.3
5293087.6
5174294.6
5055494.4
4936686.9
4817872.1
4699050
4580220.6
4461383.9
4342539.9
4223688.6
4104830.1
3985964.2
3867091
3748210.5
3629322.8
3510427.7
3391525.3
3272615.6
3153698.6
3034774.3
2915842.7
2796903.7
2677957.5
2559003.9
2440043
2321074.8
2202099.3
2083116.4
1964126.3
1845128.7
1726123.9
1607111.7
1488092.2
1369065.3
1250031
1130989.3
1011940
892883.07
773818.23
654745.12
535663.14
416571.48
297468.58
178321.58
59312.894
)
;

boundaryField
{
    inlet
    {
        type            fixedFluxPressure;
        gradient        uniform 0;
        value           nonuniform List<scalar> 10(58304722 58321225 58351485 58399311 58467525 58559587 58681794 58852429 59109107 59433591);
    }
    outlet
    {
        type            fixedValue;
        value           uniform 0;
    }
    walls
    {
        type            fixedFluxPressure;
        gradient        uniform 0;
        value           nonuniform List<scalar> 
500
(
59433591
58900200
58608995
58400013
58229614
58081073
57945637
57818107
57695387
57575589
57457551
57340559
57224175
57108135
56992280
56876519
56760800
56645093
56529385
56413667
56297938
56182195
56066441
55950676
55834901
55719116
55603323
55487521
55371712
55255895
55140071
55024240
54908402
54792558
54676706
54560848
54444983
54329111
54213233
54097348
53981456
53865558
53749653
53633741
53517822
53401897
53285965
53170027
53054081
52938129
52822171
52706205
52590233
52474255
52358269
52242277
52126278
52010273
51894260
51778241
51662216
51546183
51430144
51314098
51198046
51081987
50965921
50849848
50733769
50617683
50501590
50385490
50269384
50153271
50037151
49921025
49804892
49688752
49572605
49456452
49340292
49224125
49107951
48991771
48875584
48759390
48643190
48526983
48410769
48294548
48178321
48062086
47945845
47829598
47713343
47597082
47480814
47364539
47248258
47131970
47015675
46899373
46783064
46666749
46550427
46434098
46317763
46201420
46085071
45968715
45852353
45735983
45619607
45503224
45386834
45270438
45154034
45037624
44921207
44804784
44688353
44571916
44455472
44339021
44222563
44106099
43989628
43873150
43756665
43640173
43523675
43407170
43290657
43174139
43057613
42941081
42824541
42707995
42591442
42474883
42358316
42241743
42125163
42008576
41891982
41775381
41658774
41542160
41425539
41308911
41192276
41075634
40958986
40842331
40725669
40609000
40492324
40375642
40258952
40142256
40025553
39908843
39792126
39675402
39558672
39441935
39325190
39208439
39091681
38974917
38858145
38741366
38624581
38507789
38390990
38274184
38157371
38040551
37923725
37806892
37690051
37573204
37456350
37339489
37222621
37105747
36988865
36871977
36755081
36638179
36521270
36404354
36287431
36170502
36053565
35936621
35819671
35702714
35585749
35468778
35351800
35234815
35117824
35000825
34883819
34766807
34649787
34532761
34415728
34298687
34181640
34064586
33947525
33830457
33713383
33596301
33479212
33362117
33245014
33127905
33010789
32893665
32776535
32659398
32542254
32425103
32307945
32190780
32073608
31956430
31839244
31722051
31604852
31487645
31370432
31253211
31135984
31018750
30901508
30784260
30667005
30549743
30432474
30315198
30197914
30080624
29963327
29846023
29728713
29611395
29494070
29376738
29259399
29142053
29024701
28907341
28789974
28672600
28555220
28437832
28320437
28203036
28085627
27968211
27850789
27733359
27615922
27498479
27381028
27263571
27146106
27028634
26911156
26793670
26676177
26558678
26441171
26323657
26206137
26088609
25971074
25853533
25735984
25618428
25500865
25383295
25265719
25148135
25030544
24912946
24795341
24677729
24560110
24442484
24324851
24207210
24089563
23971909
23854248
23736579
23618904
23501222
23383532
23265836
23148132
23030421
22912704
22794979
22677247
22559508
22441762
22324010
22206249
22088482
21970708
21852927
21735139
21617343
21499541
21381731
21263915
21146091
21028260
20910422
20792577
20674725
20556866
20439000
20321127
20203247
20085359
19967465
19849563
19731654
19613738
19495816
19377886
19259948
19142004
19024053
18906094
18788129
18670156
18552177
18434190
18316196
18198195
18080186
17962171
17844149
17726119
17608082
17490039
17371988
17253930
17135864
17017792
16899713
16781626
16663532
16545431
16427323
16309208
16191086
16072957
15954820
15836676
15718525
15600367
15482202
15364030
15245851
15127664
15009470
14891269
14773061
14654846
14536624
14418394
14300157
14181913
14063662
13945404
13827139
13708866
13590586
13472300
13354005
13235704
13117396
12999080
12880757
12762427
12644090
12525746
12407394
12289035
12170669
12052296
11933916
11815528
11697134
11578732
11460323
11341906
11223483
11105052
10986614
10868169
10749717
10631257
10512790
10394316
10275835
10157347
10038851
9920348.1
9801838
9683320.7
9564796.1
9446264.4
9327725.4
9209179.1
9090625.7
8972065
8853497
8734921.9
8616339.5
8497749.8
8379153
8260548.8
8141937.5
8023318.9
7904693
7786059.9
7667419.5
7548771.9
7430117.1
7311455
7192785.6
7074109
6955425.1
6836733.9
6718035.5
6599329.8
6480616.9
6361896.7
6243169.2
6124434.5
6005692.5
5886943.2
5768186.6
5649422.8
5530651.7
5411873.3
5293087.6
5174294.6
5055494.4
4936686.9
4817872.1
4699050
4580220.6
4461383.9
4342539.9
4223688.6
4104830.1
3985964.2
3867091
3748210.5
3629322.8
3510427.7
3391525.3
3272615.6
3153698.6
3034774.3
2915842.7
2796903.7
2677957.5
2559003.9
2440043
2321074.8
2202099.3
2083116.4
1964126.3
1845128.7
1726123.9
1607111.7
1488092.2
1369065.3
1250031
1130989.3
1011940
892883.07
773818.23
654745.12
535663.14
416571.48
297468.58
178321.58
59312.894
)
;
    }
    centreline
    {
        type            symmetryPlane;
    }
    frontAndBack
    {
        type            empty;
    }
}


// ************************************************************************* //
